3.125e-05
7.01e-06
5.17e-06
5.13e-06
4.916e-06
4.682e-06
4.855e-06
4.919e-06
4.688e-06
5.129e-06
5.067e-06
4.741e-06
4.619e-06
4.733e-06
4.947e-06
4.688e-06
4.824e-06
4.868e-06
4.806e-06
4.91e-06
4.774e-06
4.744e-06
5.061e-06
4.725e-06
4.995e-06
4.792e-06
4.82e-06
4.692e-06
4.701e-06
4.941e-06
4.752e-06
4.795e-06
4.925e-06
4.727e-06
4.979e-06
4.779e-06
4.65e-06
4.736e-06
4.728e-06
4.951e-06
4.75e-06
4.82e-06
4.782e-06
4.719e-06
4.751e-06
4.885e-06
4.747e-06
5.031e-06
4.595e-06
4.76e-06
4.784e-06
4.705e-06
4.674e-06
4.763e-06
4.715e-06
5.071e-06
4.778e-06
4.747e-06
5.027e-06
4.742e-06
4.872e-06
4.702e-06
4.709e-06
4.719e-06
4.738e-06
5.162e-06
4.629e-06
4.728e-06
4.762e-06
4.687e-06
4.88e-06
4.73e-06
4.662e-06
4.819e-06
4.757e-06
4.846e-06
4.804e-06
4.743e-06
4.661e-06
4.695e-06
4.923e-06
4.693e-06
4.896e-06
4.761e-06
4.767e-06
5.032e-06
4.749e-06
4.684e-06
4.723e-06
4.708e-06
4.968e-06
4.753e-06
4.75e-06
4.636e-06
4.695e-06
4.704e-06
4.852e-06
4.551e-06
4.768e-06
4.734e-06
5.114e-06
5.004e-06
4.688e-06
4.69e-06
4.572e-06
4.711e-06
4.93e-06
4.543e-06
4.655e-06
4.698e-06
4.716e-06
4.848e-06
4.712e-06
4.736e-06
4.715e-06
4.708e-06
4.83e-06
4.701e-06
4.696e-06
4.726e-06
4.734e-06
4.959e-06
4.726e-06
4.714e-06
4.7e-06
4.735e-06
5.095e-06
4.642e-06
4.875e-06
4.7e-06
4.761e-06
4.967e-06
4.721e-06
4.742e-06
4.715e-06
4.861e-06
4.932e-06
4.756e-06
4.718e-06
4.678e-06
4.737e-06
4.828e-06
4.688e-06
4.911e-06
4.706e-06
4.682e-06
5.269e-06
4.664e-06
4.698e-06
4.755e-06
4.66e-06
4.895e-06
5.15e-06
4.696e-06
4.687e-06
4.734e-06
4.693e-06
4.887e-06
4.765e-06
4.851e-06
4.688e-06
4.798e-06
4.839e-06
4.734e-06
4.758e-06
4.701e-06
4.696e-06
4.921e-06
4.685e-06
4.716e-06
4.538e-06
4.699e-06
5.153e-06
4.788e-06
4.643e-06
4.693e-06
4.55e-06
4.882e-06
4.907e-06
4.68e-06
4.714e-06
4.637e-06
5.004e-06
4.634e-06
4.541e-06
4.653e-06
4.684e-06
4.808e-06
4.448e-06
4.588e-06
4.465e-06
4.58e-06
4.661e-06
4.617e-06
4.947e-06
4.434e-06
4.58e-06
4.682e-06
4.554e-06
4.664e-06
4.569e-06
4.481e-06
4.508e-06
5.012e-06
4.484e-06
4.498e-06
4.602e-06
4.546e-06
4.799e-06
4.535e-06
4.601e-06
4.436e-06
4.539e-06
4.732e-06
4.574e-06
4.53e-06
4.887e-06
4.498e-06
4.877e-06
4.495e-06
4.478e-06
4.485e-06
4.48e-06
4.835e-06
4.572e-06
4.532e-06
4.452e-06
4.513e-06
4.661e-06
4.484e-06
4.515e-06
4.563e-06
4.723e-06
4.874e-06
4.45e-06
4.56e-06
4.56e-06
4.521e-06
4.793e-06
4.681e-06
4.441e-06
4.552e-06
4.55e-06
4.663e-06
4.589e-06
4.51e-06
4.5e-06
4.543e-06
4.785e-06
4.498e-06
4.529e-06
4.54e-06
4.906e-06
5.245e-06
4.472e-06
5.04e-06
4.535e-06
4.615e-06
4.511e-06
4.66e-06
4.622e-06
4.744e-06
4.522e-06
4.635e-06
4.7e-06
4.54e-06
4.555e-06
4.503e-06
4.708e-06
4.732e-06
4.579e-06
4.686e-06
4.585e-06
4.506e-06
4.676e-06
4.598e-06
5.007e-06
4.533e-06
4.515e-06
4.906e-06
4.546e-06
4.592e-06
4.442e-06
4.679e-06
4.767e-06
4.552e-06
4.494e-06
4.598e-06
4.613e-06
4.77e-06
4.604e-06
4.704e-06
4.496e-06
4.518e-06
4.702e-06
4.755e-06
4.62e-06
4.526e-06
4.543e-06
4.762e-06
4.659e-06
4.529e-06
4.553e-06
4.713e-06
4.713e-06
4.54e-06
4.773e-06
4.49e-06
4.739e-06
4.703e-06
4.595e-06
4.791e-06
4.531e-06
4.578e-06
4.869e-06
4.774e-06
4.513e-06
4.543e-06
4.5e-06
4.704e-06
4.829e-06
4.534e-06
5.002e-06
4.666e-06
4.696e-06
4.698e-06
4.598e-06
4.685e-06
4.536e-06
4.603e-06
4.917e-06
4.655e-06
4.648e-06
4.515e-06
4.507e-06
5.041e-06
4.477e-06
4.513e-06
4.528e-06
4.497e-06
4.691e-06
4.551e-06
4.494e-06
4.682e-06
4.612e-06
1.3629e-05
5.087e-06
4.682e-06
4.538e-06
4.499e-06
4.709e-06
4.657e-06
4.612e-06
4.687e-06
4.523e-06
4.749e-06
4.91e-06
4.554e-06
4.538e-06
4.656e-06
4.706e-06
4.598e-06
4.515e-06
4.474e-06
4.477e-06
4.657e-06
4.671e-06
4.694e-06
4.519e-06
4.531e-06
4.476e-06
4.711e-06
4.47e-06
4.526e-06
4.505e-06
4.703e-06
4.772e-06
4.538e-06
4.685e-06
4.486e-06
4.7e-06
4.713e-06
4.503e-06
4.805e-06
4.519e-06
4.552e-06
4.94e-06
4.51e-06
4.495e-06
4.539e-06
4.482e-06
4.882e-06
4.572e-06
4.861e-06
4.467e-06
4.515e-06
4.658e-06
4.53e-06
4.495e-06
4.718e-06
4.491e-06
5.196e-06
4.496e-06
4.487e-06
4.499e-06
4.482e-06
4.632e-06
4.743e-06
4.658e-06
4.636e-06
4.586e-06
4.622e-06
4.496e-06
4.516e-06
4.494e-06
5.052e-06
4.915e-06
4.674e-06
4.576e-06
4.597e-06
4.525e-06
4.576e-06
4.712e-06
4.742e-06
4.566e-06
4.692e-06
4.551e-06
4.768e-06
4.61e-06
4.501e-06
4.702e-06
4.645e-06
4.74e-06
4.603e-06
4.628e-06
4.565e-06
4.782e-06
4.789e-06
4.676e-06
4.627e-06
4.677e-06
4.552e-06
4.782e-06
4.619e-06
4.556e-06
4.694e-06
4.512e-06
4.922e-06
4.56e-06
4.725e-06
4.575e-06
4.511e-06
4.865e-06
4.516e-06
4.665e-06
4.772e-06
4.619e-06
4.963e-06
4.719e-06
4.476e-06
4.528e-06
4.645e-06
4.748e-06
4.755e-06
4.7e-06
4.567e-06
4.624e-06
4.803e-06
4.561e-06
4.801e-06
4.559e-06
4.856e-06
4.529e-06
4.828e-06
4.515e-06
4.492e-06
4.567e-06
4.758e-06
4.709e-06
4.934e-06
4.523e-06
4.622e-06
4.63e-06
4.735e-06
4.538e-06
4.594e-06
4.53e-06
5.05e-06
4.802e-06
4.478e-06
4.548e-06
4.683e-06
4.531e-06
4.92e-06
4.564e-06
4.741e-06
4.681e-06
4.718e-06
4.805e-06
4.54e-06
4.562e-06
4.521e-06
4.564e-06
4.831e-06
4.503e-06
4.591e-06
4.685e-06
4.472e-06
4.758e-06
4.798e-06
4.652e-06
4.688e-06
4.548e-06
4.663e-06
4.492e-06
4.562e-06
4.509e-06
4.485e-06
4.706e-06
4.72e-06
4.57e-06
4.697e-06
4.513e-06
4.671e-06
4.998e-06
4.488e-06
4.621e-06
4.69e-06
4.531e-06
4.835e-06
4.622e-06
4.458e-06
4.819e-06
4.611e-06
4.781e-06
4.686e-06
4.522e-06
4.453e-06
4.459e-06
4.706e-06
4.477e-06
4.511e-06
4.48e-06
4.704e-06
4.715e-06
4.605e-06
4.54e-06
4.885e-06
4.538e-06
4.957e-06
4.457e-06
4.71e-06
4.501e-06
4.532e-06
4.7e-06
4.5e-06
4.533e-06
4.566e-06
4.47e-06
4.929e-06
4.555e-06
4.502e-06
4.5e-06
4.621e-06
4.679e-06
4.495e-06
4.505e-06
4.665e-06
4.513e-06
4.99e-06
4.675e-06
4.718e-06
4.49e-06
4.478e-06
4.689e-06
4.751e-06
4.491e-06
4.661e-06
4.692e-06
4.729e-06
4.535e-06
4.584e-06
4.522e-06
4.706e-06
4.548e-06
4.845e-06
4.634e-06
4.558e-06
4.486e-06
4.46e-06
4.732e-06
4.645e-06
4.503e-06
4.547e-06
4.484e-06
4.69e-06
4.539e-06
4.457e-06
4.76e-06
4.751e-06
4.822e-06
4.499e-06
4.531e-06
4.5e-06
4.493e-06
4.711e-06
4.905e-06
4.684e-06
4.779e-06
4.51e-06
4.693e-06
4.51e-06
4.446e-06
4.714e-06
4.556e-06
4.896e-06
4.485e-06
4.554e-06
4.523e-06
4.524e-06
4.732e-06
4.731e-06
4.516e-06
4.726e-06
4.483e-06
4.726e-06
4.538e-06
4.474e-06
4.894e-06
4.518e-06
4.896e-06
4.684e-06
4.524e-06
4.484e-06
4.493e-06
4.554e-06
4.918e-06
4.483e-06
4.472e-06
4.664e-06
4.484e-06
4.734e-06
4.481e-06
4.912e-06
4.529e-06
4.5e-06
4.653e-06
4.685e-06
4.463e-06
4.487e-06
4.55e-06
4.659e-06
4.632e-06
4.546e-06
4.477e-06
4.757e-06
4.747e-06
4.503e-06
4.763e-06
4.49e-06
4.501e-06
4.737e-06
4.538e-06
4.699e-06
4.544e-06
4.601e-06
4.711e-06
4.623e-06
4.488e-06
4.488e-06
4.51e-06
4.933e-06
4.466e-06
5.009e-06
4.487e-06
4.476e-06
4.72e-06
4.502e-06
4.493e-06
4.768e-06
4.788e-06
5.119e-06
4.479e-06
4.496e-06
4.494e-06
4.47e-06
4.744e-06
4.691e-06
4.738e-06
4.548e-06
4.83e-06
4.471e-06
4.776e-06
4.524e-06
4.475e-06
4.924e-06
4.483e-06
4.68e-06
4.479e-06
4.468e-06
4.479e-06
4.575e-06
4.644e-06
4.739e-06
4.622e-06
4.476e-06
4.487e-06
4.764e-06
4.476e-06
4.471e-06
4.983e-06
4.705e-06
4.764e-06
4.646e-06
4.505e-06
4.45e-06
4.497e-06
4.669e-06
4.574e-06
4.724e-06
4.474e-06
4.492e-06
4.752e-06
4.54e-06
4.519e-06
5.009e-06
4.502e-06
4.934e-06
4.539e-06
4.468e-06
4.472e-06
4.541e-06
4.673e-06
4.558e-06
4.537e-06
4.672e-06
4.511e-06
4.862e-06
4.479e-06
4.526e-06
4.5e-06
4.601e-06
4.488e-06
4.932e-06
4.479e-06
4.699e-06
4.641e-06
4.673e-06
4.712e-06
4.569e-06
4.503e-06
4.699e-06
4.492e-06
4.681e-06
4.481e-06
4.904e-06
4.463e-06
4.483e-06
4.749e-06
4.646e-06
4.486e-06
4.5e-06
4.686e-06
4.65e-06
4.837e-06
4.498e-06
4.491e-06
4.731e-06
4.726e-06
4.676e-06
4.792e-06
4.475e-06
4.482e-06
4.662e-06
4.487e-06
4.679e-06
4.537e-06
4.654e-06
4.697e-06
4.524e-06
4.501e-06
4.454e-06
4.488e-06
4.818e-06
4.694e-06
4.541e-06
4.519e-06
4.515e-06
4.691e-06
4.502e-06
4.472e-06
4.719e-06
4.481e-06
4.877e-06
4.586e-06
4.452e-06
4.479e-06
4.562e-06
4.715e-06
4.943e-06
4.65e-06
4.502e-06
4.483e-06
4.571e-06
4.711e-06
4.528e-06
4.731e-06
4.674e-06
4.837e-06
4.845e-06
4.486e-06
4.502e-06
4.534e-06
4.51e-06
4.714e-06
4.622e-06
4.5e-06
4.573e-06
4.557e-06
4.671e-06
4.511e-06
4.553e-06
4.542e-06
4.683e-06
4.816e-06
4.495e-06
4.494e-06
4.51e-06
4.9e-06
4.808e-06
4.944e-06
4.758e-06
4.719e-06
4.693e-06
4.692e-06
4.531e-06
4.72e-06
4.539e-06
4.545e-06
5.166e-06
4.632e-06
4.597e-06
4.573e-06
4.479e-06
4.716e-06
4.555e-06
4.502e-06
4.699e-06
4.519e-06
4.535e-06
4.662e-06
4.545e-06
4.52e-06
4.55e-06
4.746e-06
4.891e-06
4.696e-06
4.604e-06
4.532e-06
4.519e-06
4.711e-06
4.493e-06
4.476e-06
4.727e-06
4.528e-06
4.765e-06
4.553e-06
4.484e-06
4.5e-06
4.72e-06
4.83e-06
4.769e-06
4.684e-06
4.509e-06
4.489e-06
4.702e-06
4.531e-06
4.747e-06
4.472e-06
4.679e-06
4.778e-06
4.627e-06
4.49e-06
4.546e-06
4.601e-06
4.693e-06
4.502e-06
4.772e-06
4.506e-06
4.545e-06
4.719e-06
4.529e-06
4.796e-06
4.492e-06
4.489e-06
4.94e-06
4.599e-06
4.54e-06
4.57e-06
4.565e-06
4.695e-06
4.535e-06
4.528e-06
4.7e-06
4.495e-06
4.618e-06
4.689e-06
4.469e-06
4.516e-06
4.477e-06
4.491e-06
4.893e-06
4.502e-06
4.534e-06
4.524e-06
4.496e-06
4.686e-06
4.533e-06
4.488e-06
4.663e-06
4.535e-06
5.124e-06
4.495e-06
4.515e-06
4.497e-06
4.513e-06
4.701e-06
4.716e-06
4.936e-06
4.577e-06
4.643e-06
4.66e-06
4.525e-06
4.792e-06
5.018e-06
4.755e-06
4.752e-06
4.6e-06
4.716e-06
4.501e-06
4.505e-06
4.766e-06
4.473e-06
4.697e-06
4.546e-06
4.777e-06
4.722e-06
4.651e-06
4.487e-06
4.498e-06
4.512e-06
4.883e-06
4.498e-06
4.633e-06
4.527e-06
4.499e-06
4.743e-06
4.532e-06
4.682e-06
4.723e-06
4.5e-06
4.68e-06
4.709e-06
4.496e-06
4.528e-06
4.495e-06
5.872e-06
4.873e-06
4.566e-06
4.567e-06
4.54e-06
4.527e-06
4.561e-06
4.526e-06
4.528e-06
4.715e-06
4.55e-06
4.515e-06
4.472e-06
4.497e-06
4.492e-06
4.477e-06
4.693e-06
4.732e-06
4.704e-06
4.549e-06
4.553e-06
4.475e-06
4.491e-06
4.739e-06
4.479e-06
4.735e-06
4.546e-06
4.486e-06
4.469e-06
4.536e-06
4.505e-06
4.529e-06
4.606e-06
4.728e-06
4.513e-06
4.572e-06
4.446e-06
4.489e-06
4.524e-06
4.547e-06
4.475e-06
4.765e-06
4.492e-06
4.493e-06
4.502e-06
4.491e-06
4.614e-06
4.485e-06
4.482e-06
4.695e-06
4.551e-06
4.495e-06
4.488e-06
4.762e-06
4.48e-06
4.46e-06
4.491e-06
4.697e-06
4.837e-06
4.559e-06
4.594e-06
4.469e-06
4.478e-06
4.657e-06
4.484e-06
4.797e-06
4.48e-06
4.758e-06
4.581e-06
4.503e-06
4.477e-06
4.58e-06
4.859e-06
4.742e-06
4.524e-06
4.53e-06
4.483e-06
4.535e-06
4.481e-06
4.509e-06
4.464e-06
4.822e-06
4.514e-06
4.621e-06
4.473e-06
4.5e-06
4.712e-06
4.543e-06
4.698e-06
4.568e-06
4.492e-06
4.567e-06
4.539e-06
4.53e-06
4.499e-06
4.627e-06
4.509e-06
4.669e-06
4.513e-06
4.506e-06
4.5e-06
4.532e-06
4.745e-06
4.472e-06
4.495e-06
4.713e-06
4.568e-06
4.556e-06
4.621e-06
4.494e-06
4.493e-06
4.487e-06
4.461e-06
4.78e-06
4.564e-06
4.685e-06
4.539e-06
4.513e-06
4.476e-06
4.51e-06
4.501e-06
4.97e-06
4.551e-06
4.678e-06
4.495e-06
4.553e-06
4.684e-06
4.547e-06
4.472e-06
4.703e-06
4.668e-06
4.551e-06
4.538e-06
4.529e-06
4.479e-06
4.529e-06
4.873e-06
4.72e-06
4.838e-06
4.522e-06
4.535e-06
4.479e-06
4.523e-06
4.93e-06
4.538e-06
4.716e-06
4.496e-06
4.505e-06
4.491e-06
4.526e-06
4.694e-06
4.597e-06
4.602e-06
4.736e-06
4.537e-06
4.575e-06
4.475e-06
4.485e-06
4.55e-06
4.558e-06
4.452e-06
4.786e-06
4.491e-06
4.515e-06
4.563e-06
4.548e-06
4.751e-06
4.588e-06
4.474e-06
4.696e-06
4.503e-06
4.507e-06
4.454e-06
4.725e-06
4.521e-06
4.486e-06
4.5e-06
4.635e-06
4.701e-06
4.513e-06
4.461e-06
4.485e-06
4.487e-06
4.513e-06
4.468e-06
4.736e-06
4.476e-06
4.515e-06
4.538e-06
4.491e-06
4.48e-06
4.497e-06
4.471e-06
4.838e-06
4.507e-06
4.535e-06
4.473e-06
4.5e-06
4.504e-06
4.506e-06
4.472e-06
4.686e-06
4.523e-06
4.598e-06
4.438e-06
4.715e-06
4.679e-06
4.521e-06
4.489e-06
4.73e-06
4.504e-06
4.503e-06
4.737e-06
4.516e-06
4.49e-06
4.507e-06
4.49e-06
4.721e-06
4.646e-06
4.944e-06
4.441e-06
4.537e-06
4.48e-06
4.476e-06
4.492e-06
4.661e-06
4.492e-06
4.557e-06
4.452e-06
4.499e-06
4.496e-06
4.523e-06
5e-06
4.606e-06
4.647e-06
4.477e-06
4.52e-06
4.496e-06
4.46e-06
4.803e-06
4.538e-06
4.723e-06
4.502e-06
4.511e-06
4.483e-06
4.57e-06
4.674e-06
4.484e-06
4.738e-06
4.71e-06
4.496e-06
4.557e-06
4.486e-06
4.714e-06
4.521e-06
4.61e-06
4.48e-06
4.743e-06
4.466e-06
4.503e-06
4.748e-06
4.485e-06
4.733e-06
4.511e-06
4.463e-06
4.708e-06
4.519e-06
4.776e-06
4.472e-06
4.53e-06
4.492e-06
4.476e-06
4.469e-06
4.717e-06
4.715e-06
4.684e-06
4.469e-06
4.491e-06
4.484e-06
4.464e-06
4.987e-06
4.717e-06
4.596e-06
4.56e-06
4.589e-06
4.492e-06
4.631e-06
4.703e-06
4.494e-06
4.776e-06
4.697e-06
4.556e-06
4.544e-06
4.638e-06
4.518e-06
4.532e-06
4.539e-06
4.786e-06
4.568e-06
4.811e-06
4.544e-06
4.588e-06
4.576e-06
4.522e-06
4.499e-06
4.851e-06
4.573e-06
4.775e-06
4.713e-06
4.82e-06
4.551e-06
4.721e-06
4.513e-06
4.76e-06
4.707e-06
4.762e-06
4.667e-06
4.638e-06
4.52e-06
4.527e-06
4.572e-06
4.79e-06
4.581e-06
5.061e-06
4.677e-06
4.732e-06
4.667e-06
4.535e-06
4.612e-06
4.789e-06
4.565e-06
4.824e-06
4.587e-06
4.547e-06
4.536e-06
4.57e-06
4.523e-06
4.784e-06
4.832e-06
4.578e-06
4.667e-06
4.709e-06
4.54e-06
4.568e-06
4.618e-06
4.677e-06
4.782e-06
4.713e-06
4.665e-06
4.581e-06
4.593e-06
4.547e-06
4.554e-06
4.84e-06
4.587e-06
4.719e-06
5.048e-06
4.573e-06
4.526e-06
4.627e-06
4.537e-06
4.778e-06
4.854e-06
4.57e-06
4.931e-06
4.618e-06
4.563e-06
4.502e-06
4.538e-06
4.639e-06
4.576e-06
4.545e-06
4.524e-06
4.582e-06
4.728e-06
4.556e-06
4.513e-06
5.033e-06
4.549e-06
4.631e-06
4.498e-06
4.553e-06
4.546e-06
4.646e-06
4.687e-06
4.779e-06
4.504e-06
4.578e-06
4.565e-06
4.535e-06
4.54e-06
4.512e-06
4.549e-06
4.768e-06
4.571e-06
4.597e-06
4.512e-06
4.594e-06
4.605e-06
4.964e-06
4.528e-06
4.816e-06
4.527e-06
4.67e-06
4.706e-06
4.58e-06
4.561e-06
5.035e-06
4.508e-06
4.808e-06
4.704e-06
4.567e-06
4.567e-06
4.648e-06
4.535e-06
4.596e-06
4.588e-06
4.93e-06
4.633e-06
4.661e-06
4.552e-06
4.537e-06
4.623e-06
4.963e-06
4.492e-06
5.103e-06
4.55e-06
4.616e-06
4.636e-06
4.565e-06
4.581e-06
4.829e-06
4.516e-06
5.019e-06
4.735e-06
4.52e-06
4.547e-06
4.603e-06
4.512e-06
4.546e-06
4.599e-06
4.676e-06
4.607e-06
4.657e-06
4.578e-06
4.727e-06
4.84e-06
4.536e-06
4.552e-06
4.815e-06
4.566e-06
4.579e-06
4.633e-06
4.57e-06
4.69e-06
4.644e-06
4.51e-06
4.77e-06
4.606e-06
4.557e-06
4.548e-06
4.645e-06
4.557e-06
4.555e-06
4.633e-06
4.776e-06
4.551e-06
4.593e-06
4.539e-06
4.945e-06
4.625e-06
4.884e-06
4.509e-06
4.651e-06
4.587e-06
4.558e-06
4.628e-06
4.761e-06
4.561e-06
4.586e-06
4.495e-06
4.77e-06
4.684e-06
4.548e-06
4.765e-06
4.534e-06
4.508e-06
4.54e-06
4.592e-06
4.779e-06
4.655e-06
4.705e-06
4.948e-06
4.555e-06
4.542e-06
4.523e-06
4.513e-06
4.615e-06
4.541e-06
4.603e-06
4.703e-06
4.679e-06
4.574e-06
4.694e-06
4.498e-06
4.822e-06
4.672e-06
4.809e-06
4.54e-06
4.558e-06
4.595e-06
4.563e-06
4.592e-06
4.777e-06
4.609e-06
4.871e-06
4.657e-06
4.613e-06
4.585e-06
4.596e-06
4.559e-06
4.83e-06
4.57e-06
4.732e-06
4.693e-06
4.739e-06
4.605e-06
4.681e-06
4.52e-06
4.784e-06
4.684e-06
4.827e-06
4.481e-06
4.851e-06
4.544e-06
4.53e-06
4.603e-06
4.757e-06
4.597e-06
4.844e-06
4.516e-06
4.556e-06
4.6e-06
4.57e-06
4.511e-06
4.821e-06
4.793e-06
4.593e-06
4.551e-06
4.572e-06
4.532e-06
4.56e-06
4.509e-06
4.808e-06
4.689e-06
4.481e-06
4.582e-06
4.534e-06
4.558e-06
4.57e-06
5.066e-06
4.949e-06
4.565e-06
4.683e-06
4.523e-06
4.666e-06
4.552e-06
4.991e-06
4.46e-06
4.918e-06
4.48e-06
4.49e-06
4.44e-06
4.485e-06
4.666e-06
4.541e-06
4.447e-06
4.711e-06
4.485e-06
4.439e-06
4.446e-06
4.651e-06
4.593e-06
4.465e-06
4.397e-06
4.644e-06
4.449e-06
4.747e-06
4.438e-06
4.761e-06
4.488e-06
4.497e-06
4.43e-06
4.694e-06
4.427e-06
4.514e-06
4.457e-06
4.456e-06
4.449e-06
4.528e-06
4.689e-06
4.682e-06
4.472e-06
4.521e-06
4.455e-06
4.591e-06
4.458e-06
4.696e-06
4.459e-06
4.702e-06
4.455e-06
4.532e-06
4.433e-06
4.443e-06
4.493e-06
4.467e-06
4.451e-06
4.744e-06
4.451e-06
4.469e-06
4.515e-06
4.466e-06
4.492e-06
4.503e-06
4.403e-06
4.702e-06
4.536e-06
4.751e-06
4.534e-06
4.613e-06
4.484e-06
4.485e-06
4.485e-06
4.648e-06
4.707e-06
4.606e-06
4.495e-06
4.52e-06
4.455e-06
4.474e-06
4.461e-06
4.73e-06
4.421e-06
4.474e-06
4.642e-06
4.502e-06
4.447e-06
4.523e-06
4.395e-06
4.574e-06
4.569e-06
4.484e-06
4.454e-06
4.503e-06
4.681e-06
4.47e-06
4.596e-06
4.73e-06
4.46e-06
4.548e-06
4.459e-06
4.69e-06
4.634e-06
4.556e-06
4.422e-06
4.738e-06
4.425e-06
4.511e-06
4.713e-06
4.543e-06
4.744e-06
4.446e-06
4.439e-06
4.723e-06
4.562e-06
4.546e-06
4.508e-06
4.711e-06
4.485e-06
4.489e-06
4.484e-06
4.687e-06
4.702e-06
4.48e-06
4.667e-06
4.476e-06
4.438e-06
4.461e-06
4.461e-06
4.926e-06
4.449e-06
4.479e-06
4.487e-06
4.475e-06
4.753e-06
4.706e-06
4.487e-06
4.737e-06
4.506e-06
4.443e-06
4.482e-06
4.633e-06
4.488e-06
4.453e-06
4.444e-06
4.878e-06
4.493e-06
4.485e-06
4.463e-06
4.499e-06
4.561e-06
4.498e-06
4.98e-06
4.713e-06
4.661e-06
4.557e-06
4.583e-06
4.537e-06
4.481e-06
4.645e-06
4.894e-06
4.704e-06
4.62e-06
4.544e-06
4.5e-06
4.531e-06
4.492e-06
4.698e-06
4.519e-06
4.669e-06
4.463e-06
4.536e-06
4.498e-06
4.545e-06
4.556e-06
4.562e-06
4.528e-06
4.613e-06
4.485e-06
4.47e-06
4.651e-06
4.532e-06
4.459e-06
4.603e-06
4.458e-06
4.585e-06
4.56e-06
4.453e-06
4.726e-06
4.544e-06
4.625e-06
4.461e-06
4.53e-06
4.697e-06
4.457e-06
4.547e-06
4.558e-06
4.75e-06
4.505e-06
4.483e-06
4.475e-06
4.72e-06
4.715e-06
4.645e-06
4.481e-06
4.477e-06
4.491e-06
4.544e-06
4.489e-06
4.926e-06
4.49e-06
4.494e-06
4.46e-06
4.532e-06
4.45e-06
4.461e-06
4.727e-06
4.72e-06
4.766e-06
4.588e-06
4.436e-06
4.48e-06
4.507e-06
5.006e-06
4.468e-06
4.757e-06
4.506e-06
4.567e-06
4.535e-06
4.502e-06
4.541e-06
4.635e-06
4.422e-06
4.734e-06
4.492e-06
4.529e-06
4.521e-06
4.648e-06
4.523e-06
4.552e-06
4.474e-06
4.727e-06
4.498e-06
4.659e-06
4.468e-06
4.508e-06
4.568e-06
4.512e-06
4.449e-06
4.616e-06
4.516e-06
4.557e-06
4.488e-06
4.722e-06
4.462e-06
4.496e-06
4.477e-06
4.725e-06
4.733e-06
4.514e-06
4.536e-06
4.642e-06
4.438e-06
4.495e-06
4.516e-06
4.948e-06
4.554e-06
4.506e-06
4.462e-06
4.572e-06
4.532e-06
4.505e-06
4.674e-06
4.665e-06
4.458e-06
4.524e-06
4.585e-06
4.536e-06
4.497e-06
4.782e-06
4.514e-06
4.688e-06
4.498e-06
4.478e-06
4.572e-06
4.558e-06
4.74e-06
4.493e-06
4.538e-06
4.71e-06
4.498e-06
4.571e-06
4.451e-06
4.481e-06
4.569e-06
4.503e-06
4.469e-06
4.7e-06
4.448e-06
4.514e-06
4.535e-06
4.492e-06
4.615e-06
4.523e-06
4.425e-06
4.684e-06
4.574e-06
4.495e-06
4.564e-06
4.754e-06
4.441e-06
4.513e-06
4.535e-06
4.713e-06
4.744e-06
4.485e-06
4.718e-06
4.485e-06
4.508e-06
4.49e-06
4.496e-06
4.988e-06
4.447e-06
4.6e-06
4.519e-06
4.469e-06
4.482e-06
4.52e-06
4.641e-06
4.69e-06
4.76e-06
4.46e-06
4.513e-06
4.595e-06
4.46e-06
4.5e-06
4.489e-06
5.008e-06
4.503e-06
4.614e-06
4.419e-06
4.507e-06
4.689e-06
4.559e-06
4.676e-06
4.787e-06
4.476e-06
4.556e-06
4.518e-06
4.53e-06
4.54e-06
4.583e-06
4.451e-06
4.689e-06
4.532e-06
4.507e-06
4.74e-06
4.572e-06
4.589e-06
4.463e-06
4.43e-06
4.725e-06
4.513e-06
4.594e-06
4.495e-06
4.478e-06
4.521e-06
4.495e-06
4.461e-06
4.772e-06
4.515e-06
4.558e-06
4.899e-06
4.538e-06
4.514e-06
4.58e-06
4.449e-06
4.968e-06
4.488e-06
4.61e-06
4.509e-06
4.639e-06
4.468e-06
4.499e-06
4.512e-06
4.714e-06
4.594e-06
4.543e-06
4.446e-06
4.532e-06
4.502e-06
4.699e-06
4.51e-06
4.624e-06
4.547e-06
4.435e-06
4.59e-06
4.476e-06
4.503e-06
4.559e-06
4.511e-06
4.715e-06
4.668e-06
4.442e-06
4.531e-06
4.45e-06
4.515e-06
4.683e-06
4.663e-06
4.716e-06
4.607e-06
4.521e-06
4.571e-06
4.913e-06
4.542e-06
4.466e-06
4.559e-06
4.732e-06
4.593e-06
4.499e-06
4.787e-06
4.554e-06
4.709e-06
4.529e-06
4.491e-06
4.648e-06
4.716e-06
4.479e-06
4.575e-06
4.552e-06
4.54e-06
4.469e-06
4.718e-06
4.714e-06
4.557e-06
4.967e-06
4.519e-06
4.493e-06
4.581e-06
4.481e-06
4.511e-06
4.627e-06
4.56e-06
4.487e-06
4.594e-06
4.482e-06
4.6e-06
4.531e-06
4.625e-06
4.666e-06
4.53e-06
4.451e-06
4.52e-06
4.513e-06
4.54e-06
4.436e-06
4.966e-06
4.649e-06
4.749e-06
4.507e-06
4.529e-06
5.632e-06
4.74e-06
4.485e-06
4.516e-06
4.66e-06
4.674e-06
4.481e-06
4.636e-06
4.449e-06
4.557e-06
4.53e-06
4.479e-06
4.661e-06
4.699e-06
4.462e-06
4.559e-06
4.487e-06
4.502e-06
4.605e-06
4.566e-06
4.655e-06
4.512e-06
4.508e-06
4.5e-06
4.443e-06
4.51e-06
4.457e-06
4.485e-06
4.642e-06
4.571e-06
4.488e-06
4.787e-06
4.579e-06
4.745e-06
4.488e-06
4.508e-06
4.635e-06
4.686e-06
4.458e-06
4.581e-06
4.618e-06
4.503e-06
4.453e-06
4.564e-06
4.619e-06
4.775e-06
4.502e-06
4.514e-06
4.482e-06
4.586e-06
4.456e-06
4.539e-06
4.692e-06
4.583e-06
4.621e-06
4.676e-06
4.464e-06
4.546e-06
4.562e-06
4.704e-06
4.754e-06
4.622e-06
4.446e-06
4.544e-06
4.502e-06
4.562e-06
4.709e-06
4.57e-06
4.638e-06
4.689e-06
4.537e-06
4.518e-06
4.518e-06
4.527e-06
4.483e-06
4.554e-06
4.698e-06
4.524e-06
4.694e-06
4.646e-06
4.482e-06
4.54e-06
4.639e-06
4.51e-06
4.67e-06
4.661e-06
4.468e-06
4.501e-06
4.724e-06
4.603e-06
4.533e-06
4.67e-06
4.814e-06
4.583e-06
4.593e-06
4.701e-06
4.498e-06
4.627e-06
4.459e-06
4.558e-06
4.786e-06
4.566e-06
4.536e-06
4.631e-06
4.491e-06
4.527e-06
4.521e-06
4.473e-06
4.679e-06
4.681e-06
4.487e-06
4.518e-06
4.517e-06
4.53e-06
4.499e-06
4.569e-06
4.698e-06
4.519e-06
4.534e-06
4.516e-06
4.703e-06
4.496e-06
4.46e-06
4.533e-06
4.713e-06
4.767e-06
4.483e-06
4.551e-06
4.481e-06
4.568e-06
4.477e-06
4.511e-06
4.698e-06
4.583e-06
5.608e-06
4.991e-06
4.753e-06
4.499e-06
4.501e-06
4.576e-06
4.711e-06
4.53e-06
4.713e-06
4.504e-06
4.461e-06
4.564e-06
4.46e-06
4.511e-06
4.688e-06
4.563e-06
4.763e-06
4.665e-06
4.44e-06
4.464e-06
4.479e-06
4.491e-06
4.66e-06
4.918e-06
4.472e-06
4.489e-06
4.478e-06
4.479e-06
4.638e-06
4.516e-06
5.047e-06
4.493e-06
4.528e-06
4.496e-06
4.481e-06
4.552e-06
4.48e-06
4.479e-06
4.7e-06
4.515e-06
4.508e-06
4.668e-06
4.474e-06
4.509e-06
4.495e-06
4.46e-06
4.678e-06
4.512e-06
4.465e-06
4.489e-06
4.502e-06
4.475e-06
4.448e-06
4.466e-06
4.675e-06
4.477e-06
4.613e-06
4.581e-06
4.485e-06
4.547e-06
4.478e-06
4.512e-06
4.926e-06
4.488e-06
4.536e-06
4.505e-06
4.476e-06
4.491e-06
4.499e-06
4.96e-06
4.677e-06
4.665e-06
4.463e-06
4.506e-06
4.541e-06
4.495e-06
4.518e-06
4.643e-06
4.688e-06
4.514e-06
4.568e-06
4.427e-06
4.441e-06
4.714e-06
4.472e-06
4.626e-06
4.742e-06
4.487e-06
4.464e-06
4.581e-06
4.671e-06
4.511e-06
4.714e-06
4.512e-06
4.692e-06
4.534e-06
4.5e-06
4.5e-06
4.556e-06
4.619e-06
4.471e-06
4.529e-06
4.661e-06
4.467e-06
4.506e-06
4.484e-06
4.703e-06
4.573e-06
4.458e-06
4.468e-06
4.692e-06
4.494e-06
4.49e-06
4.69e-06
4.508e-06
4.51e-06
4.58e-06
4.482e-06
4.723e-06
4.576e-06
4.479e-06
4.498e-06
4.494e-06
4.499e-06
4.488e-06
4.503e-06
4.682e-06
4.456e-06
4.504e-06
4.544e-06
4.491e-06
4.575e-06
4.926e-06
4.476e-06
5.015e-06
4.482e-06
4.513e-06
4.519e-06
4.451e-06
4.682e-06
4.51e-06
4.632e-06
4.715e-06
4.496e-06
4.486e-06
4.467e-06
4.537e-06
4.491e-06
4.509e-06
4.496e-06
4.693e-06
4.48e-06
4.519e-06
4.524e-06
4.46e-06
4.713e-06
4.497e-06
4.512e-06
4.731e-06
4.51e-06
4.508e-06
4.613e-06
4.458e-06
4.465e-06
4.553e-06
4.452e-06
4.666e-06
4.528e-06
4.426e-06
4.735e-06
4.501e-06
4.496e-06
4.477e-06
4.508e-06
4.7e-06
4.653e-06
4.684e-06
4.49e-06
4.449e-06
4.525e-06
4.447e-06
4.456e-06
4.718e-06
4.461e-06
4.516e-06
4.565e-06
4.472e-06
4.438e-06
4.96e-06
4.485e-06
4.925e-06
4.506e-06
4.446e-06
4.494e-06
4.541e-06
5.009e-06
4.446e-06
4.561e-06
4.664e-06
4.486e-06
4.523e-06
4.492e-06
4.703e-06
4.54e-06
4.555e-06
4.457e-06
4.671e-06
4.489e-06
4.47e-06
4.727e-06
4.469e-06
4.729e-06
4.523e-06
4.477e-06
4.681e-06
4.531e-06
4.727e-06
4.554e-06
4.635e-06
4.479e-06
4.41e-06
4.547e-06
4.668e-06
4.481e-06
4.619e-06
4.558e-06
4.467e-06
4.52e-06
4.485e-06
4.458e-06
4.949e-06
4.454e-06
4.61e-06
4.496e-06
4.406e-06
4.494e-06
4.525e-06
4.962e-06
4.622e-06
4.638e-06
4.481e-06
4.47e-06
4.523e-06
4.455e-06
4.699e-06
4.475e-06
4.682e-06
4.482e-06
4.499e-06
4.477e-06
4.448e-06
4.526e-06
4.49e-06
4.515e-06
4.673e-06
4.463e-06
4.478e-06
4.513e-06
4.93e-06
4.483e-06
4.464e-06
4.451e-06
4.669e-06
4.585e-06
4.519e-06
4.743e-06
4.506e-06
4.458e-06
4.472e-06
4.5e-06
4.648e-06
4.492e-06
4.753e-06
4.537e-06
4.45e-06
4.546e-06
4.455e-06
4.48e-06
4.709e-06
4.694e-06
4.459e-06
4.542e-06
4.453e-06
4.527e-06
4.478e-06
4.45e-06
4.717e-06
4.466e-06
4.457e-06
4.517e-06
4.531e-06
4.502e-06
4.926e-06
4.5e-06
4.645e-06
4.487e-06
4.474e-06
4.505e-06
4.457e-06
4.706e-06
4.459e-06
4.486e-06
4.659e-06
4.478e-06
4.483e-06
4.636e-06
4.651e-06
4.476e-06
4.48e-06
4.535e-06
4.672e-06
4.59e-06
4.683e-06
4.734e-06
4.451e-06
4.463e-06
4.451e-06
4.528e-06
4.666e-06
4.506e-06
4.774e-06
4.462e-06
4.458e-06
4.482e-06
4.434e-06
4.468e-06
4.646e-06
4.499e-06
4.635e-06
4.485e-06
4.434e-06
4.503e-06
4.462e-06
4.897e-06
4.652e-06
4.536e-06
4.46e-06
4.478e-06
4.492e-06
4.495e-06
4.911e-06
4.488e-06
4.875e-06
4.461e-06
4.48e-06
4.49e-06
4.452e-06
4.548e-06
4.483e-06
4.5e-06
4.646e-06
4.502e-06
4.474e-06
4.591e-06
4.702e-06
4.537e-06
4.465e-06
4.501e-06
4.65e-06
4.52e-06
4.479e-06
4.479e-06
4.487e-06
4.475e-06
4.448e-06
4.478e-06
4.648e-06
4.67e-06
4.533e-06
4.865e-06
4.536e-06
4.522e-06
4.501e-06
4.567e-06
4.695e-06
4.533e-06
4.523e-06
4.735e-06
4.479e-06
4.536e-06
4.492e-06
4.465e-06
4.64e-06
4.663e-06
4.67e-06
4.471e-06
4.525e-06
4.481e-06
4.472e-06
4.518e-06
4.632e-06
4.778e-06
4.493e-06
4.488e-06
4.48e-06
4.563e-06
4.475e-06
4.495e-06
4.864e-06
4.498e-06
4.474e-06
4.581e-06
4.464e-06
4.51e-06
4.499e-06
4.649e-06
4.682e-06
4.809e-06
4.477e-06
4.463e-06
4.5e-06
4.491e-06
4.831e-06
4.551e-06
4.653e-06
4.587e-06
4.516e-06
4.51e-06
4.525e-06
4.544e-06
4.47e-06
4.448e-06
4.716e-06
4.499e-06
4.467e-06
4.595e-06
4.437e-06
4.547e-06
4.509e-06
4.521e-06
4.641e-06
4.684e-06
4.428e-06
4.5e-06
4.507e-06
4.645e-06
4.509e-06
4.53e-06
4.633e-06
4.552e-06
4.517e-06
4.888e-06
4.464e-06
4.581e-06
4.44e-06
4.522e-06
4.708e-06
4.519e-06
4.681e-06
4.49e-06
4.725e-06
4.493e-06
4.496e-06
4.453e-06
4.655e-06
4.524e-06
4.465e-06
4.498e-06
4.458e-06
4.455e-06
4.486e-06
4.621e-06
4.795e-06
4.553e-06
4.649e-06
4.478e-06
4.466e-06
4.551e-06
4.426e-06
4.687e-06
4.634e-06
4.73e-06
4.485e-06
4.671e-06
4.461e-06
4.529e-06
4.728e-06
4.474e-06
4.671e-06
4.574e-06
4.438e-06
4.518e-06
4.538e-06
4.658e-06
4.515e-06
4.63e-06
4.657e-06
4.523e-06
4.53e-06
4.504e-06
4.53e-06
4.549e-06
4.709e-06
4.491e-06
4.683e-06
4.492e-06
4.493e-06
4.548e-06
4.499e-06
4.751e-06
4.529e-06
4.46e-06
4.528e-06
4.551e-06
4.715e-06
4.462e-06
4.478e-06
4.566e-06
4.509e-06
4.596e-06
4.536e-06
4.922e-06
4.556e-06
4.607e-06
4.494e-06
4.533e-06
4.456e-06
4.531e-06
4.733e-06
4.489e-06
4.613e-06
4.579e-06
4.459e-06
4.52e-06
4.533e-06
4.503e-06
4.649e-06
4.493e-06
4.423e-06
4.485e-06
4.512e-06
4.481e-06
4.605e-06
4.594e-06
4.865e-06
4.56e-06
4.582e-06
4.471e-06
4.443e-06
4.978e-06
4.502e-06
4.543e-06
4.669e-06
4.54e-06
4.474e-06
4.562e-06
4.678e-06
4.474e-06
4.757e-06
4.49e-06
4.67e-06
4.662e-06
4.455e-06
4.739e-06
4.447e-06
4.739e-06
4.451e-06
4.557e-06
4.66e-06
4.489e-06
4.636e-06
4.537e-06
4.483e-06
4.638e-06
4.46e-06
4.48e-06
4.754e-06
4.477e-06
4.491e-06
4.517e-06
4.431e-06
4.446e-06
4.479e-06
4.458e-06
4.849e-06
4.651e-06
4.687e-06
4.534e-06
4.47e-06
4.495e-06
4.483e-06
4.546e-06
4.675e-06
4.485e-06
4.538e-06
4.48e-06
4.446e-06
4.626e-06
4.466e-06
4.53e-06
4.731e-06
4.511e-06
4.482e-06
4.496e-06
4.459e-06
4.483e-06
4.786e-06
4.479e-06
4.871e-06
4.798e-06
4.519e-06
4.505e-06
4.546e-06
4.504e-06
4.492e-06
4.568e-06
4.674e-06
4.517e-06
4.502e-06
4.525e-06
4.507e-06
4.493e-06
4.48e-06
4.481e-06
4.721e-06
4.507e-06
4.508e-06
4.662e-06
4.488e-06
4.471e-06
4.504e-06
4.47e-06
4.687e-06
4.556e-06
4.453e-06
4.487e-06
4.531e-06
4.644e-06
4.473e-06
4.531e-06
4.663e-06
4.519e-06
4.553e-06
4.476e-06
4.652e-06
4.531e-06
4.516e-06
4.49e-06
4.586e-06
4.472e-06
4.483e-06
4.622e-06
4.412e-06
4.428e-06
4.425e-06
4.462e-06
4.836e-06
4.468e-06
4.513e-06
4.507e-06
4.61e-06
4.499e-06
4.469e-06
4.82e-06
4.657e-06
4.658e-06
4.555e-06
4.495e-06
4.436e-06
4.532e-06
4.64e-06
4.448e-06
4.753e-06
4.485e-06
4.495e-06
4.533e-06
4.432e-06
4.703e-06
4.52e-06
4.64e-06
4.663e-06
4.576e-06
4.471e-06
4.473e-06
4.923e-06
4.481e-06
4.53e-06
4.532e-06
4.644e-06
4.489e-06
4.568e-06
4.492e-06
4.436e-06
4.723e-06
4.451e-06
4.501e-06
4.73e-06
4.458e-06
4.51e-06
4.557e-06
4.702e-06
4.487e-06
4.51e-06
4.452e-06
4.647e-06
4.512e-06
4.465e-06
4.7e-06
4.523e-06
4.494e-06
4.461e-06
4.509e-06
4.858e-06
4.479e-06
4.527e-06
4.457e-06
4.446e-06
4.484e-06
4.45e-06
4.88e-06
4.712e-06
4.517e-06
4.461e-06
4.564e-06
4.442e-06
4.452e-06
4.528e-06
4.453e-06
5.021e-06
4.513e-06
4.491e-06
4.429e-06
4.516e-06
4.498e-06
4.467e-06
4.499e-06
4.69e-06
4.482e-06
4.553e-06
4.448e-06
4.789e-06
4.508e-06
4.487e-06
4.471e-06
4.706e-06
4.452e-06
4.482e-06
4.975e-06
4.453e-06
4.477e-06
4.464e-06
4.643e-06
4.675e-06
4.474e-06
4.725e-06
4.435e-06
4.478e-06
4.483e-06
4.488e-06
4.49e-06
4.676e-06
4.484e-06
4.624e-06
4.417e-06
4.425e-06
4.527e-06
4.477e-06
4.745e-06
4.738e-06
4.615e-06
4.497e-06
4.571e-06
4.417e-06
4.448e-06
4.455e-06
4.649e-06
4.697e-06
4.535e-06
4.477e-06
4.47e-06
4.482e-06
4.486e-06
4.448e-06
4.627e-06
4.626e-06
4.453e-06
4.5e-06
4.485e-06
4.486e-06
4.492e-06
4.613e-06
4.474e-06
4.756e-06
4.929e-06
4.624e-06
4.69e-06
4.546e-06
4.486e-06
4.846e-06
4.473e-06
4.746e-06
4.603e-06
4.517e-06
4.552e-06
4.646e-06
4.527e-06
4.57e-06
4.548e-06
4.768e-06
4.478e-06
4.682e-06
4.501e-06
4.473e-06
4.763e-06
4.461e-06
4.467e-06
4.666e-06
4.447e-06
4.522e-06
4.513e-06
4.454e-06
4.662e-06
4.494e-06
4.49e-06
4.73e-06
4.513e-06
4.499e-06
4.472e-06
4.51e-06
4.479e-06
4.519e-06
4.47e-06
4.701e-06
4.479e-06
4.6e-06
4.535e-06
4.459e-06
4.45e-06
4.479e-06
4.471e-06
4.717e-06
4.463e-06
4.55e-06
4.533e-06
4.49e-06
4.457e-06
4.489e-06
4.629e-06
4.688e-06
4.515e-06
4.451e-06
4.488e-06
4.495e-06
4.49e-06
4.564e-06
4.544e-06
4.678e-06
4.445e-06
4.567e-06
4.456e-06
4.811e-06
4.516e-06
4.488e-06
4.446e-06
4.72e-06
4.446e-06
4.553e-06
4.731e-06
4.603e-06
4.537e-06
4.556e-06
4.529e-06
4.723e-06
4.469e-06
4.468e-06
4.483e-06
4.714e-06
4.462e-06
4.458e-06
4.507e-06
4.701e-06
4.645e-06
4.545e-06
4.686e-06
4.546e-06
4.494e-06
4.453e-06
4.475e-06
4.911e-06
4.462e-06
4.518e-06
4.606e-06
4.466e-06
4.494e-06
4.554e-06
4.635e-06
4.731e-06
5.491e-06
4.607e-06
4.528e-06
4.668e-06
4.491e-06
4.496e-06
4.502e-06
4.675e-06
4.621e-06
4.608e-06
4.496e-06
4.505e-06
4.508e-06
4.457e-06
4.461e-06
4.686e-06
4.454e-06
4.491e-06
4.592e-06
4.48e-06
4.661e-06
4.501e-06
4.692e-06
4.671e-06
4.54e-06
4.499e-06
4.484e-06
4.777e-06
4.466e-06
4.587e-06
4.536e-06
4.708e-06
4.517e-06
4.544e-06
4.482e-06
4.544e-06
4.595e-06
4.485e-06
4.486e-06
4.607e-06
4.448e-06
4.788e-06
4.597e-06
4.538e-06
4.478e-06
4.484e-06
4.476e-06
4.689e-06
4.84e-06
4.485e-06
4.605e-06
4.578e-06
4.428e-06
4.478e-06
4.481e-06
4.867e-06
4.491e-06
4.64e-06
4.515e-06
4.544e-06
4.459e-06
4.506e-06
4.652e-06
4.67e-06
4.552e-06
4.515e-06
4.515e-06
4.464e-06
4.5e-06
4.945e-06
4.446e-06
4.631e-06
4.54e-06
4.511e-06
4.471e-06
4.581e-06
4.971e-06
4.504e-06
4.491e-06
4.682e-06
4.533e-06
4.608e-06
4.486e-06
4.502e-06
4.589e-06
4.538e-06
4.489e-06
4.764e-06
4.526e-06
4.544e-06
4.578e-06
4.517e-06
4.575e-06
4.539e-06
4.451e-06
4.743e-06
4.592e-06
4.484e-06
4.48e-06
4.754e-06
4.46e-06
4.47e-06
4.502e-06
4.699e-06
4.721e-06
4.542e-06
4.602e-06
4.556e-06
4.549e-06
4.493e-06
4.482e-06
4.931e-06
4.469e-06
4.586e-06
4.614e-06
4.483e-06
4.521e-06
4.501e-06
4.692e-06
4.648e-06
4.563e-06
4.471e-06
4.484e-06
4.491e-06
4.476e-06
4.51e-06
4.577e-06
5.011e-06
4.498e-06
4.613e-06
4.466e-06
4.584e-06
4.678e-06
4.462e-06
4.659e-06
4.624e-06
4.48e-06
4.582e-06
4.572e-06
4.728e-06
4.466e-06
4.573e-06
4.466e-06
4.661e-06
4.507e-06
4.495e-06
4.922e-06
4.557e-06
4.492e-06
4.475e-06
4.472e-06
4.686e-06
4.497e-06
4.772e-06
4.47e-06
4.749e-06
4.443e-06
4.457e-06
4.471e-06
4.745e-06
4.457e-06
4.511e-06
4.749e-06
4.516e-06
4.522e-06
4.512e-06
4.471e-06
4.811e-06
4.581e-06
4.663e-06
4.541e-06
4.591e-06
4.494e-06
4.447e-06
4.47e-06
4.771e-06
4.434e-06
4.538e-06
4.541e-06
4.484e-06
4.53e-06
4.507e-06
4.675e-06
4.678e-06
4.427e-06
4.548e-06
4.55e-06
4.641e-06
4.483e-06
4.517e-06
4.492e-06
4.682e-06
4.563e-06
4.504e-06
4.518e-06
4.81e-06
4.488e-06
4.523e-06
4.518e-06
4.675e-06
4.519e-06
4.507e-06
4.53e-06
4.523e-06
4.729e-06
4.498e-06
4.508e-06
4.747e-06
4.481e-06
4.558e-06
4.562e-06
4.76e-06
4.517e-06
4.476e-06
4.536e-06
4.731e-06
4.459e-06
4.472e-06
4.725e-06
4.49e-06
4.46e-06
4.495e-06
4.507e-06
4.927e-06
4.561e-06
4.588e-06
4.464e-06
4.568e-06
4.483e-06
4.48e-06
4.768e-06
4.706e-06
4.554e-06
4.507e-06
4.54e-06
4.519e-06
4.48e-06
4.491e-06
4.506e-06
4.702e-06
4.485e-06
4.492e-06
4.471e-06
4.529e-06
4.487e-06
4.609e-06
4.447e-06
4.731e-06
4.525e-06
4.507e-06
4.472e-06
4.491e-06
4.514e-06
4.479e-06
4.505e-06
4.745e-06
4.478e-06
4.541e-06
4.507e-06
4.745e-06
4.471e-06
4.549e-06
4.527e-06
4.696e-06
4.54e-06
4.462e-06
4.771e-06
4.583e-06
4.454e-06
4.53e-06
4.526e-06
4.913e-06
4.458e-06
4.598e-06
4.478e-06
4.529e-06
4.495e-06
4.507e-06
4.936e-06
4.765e-06
4.454e-06
4.516e-06
4.542e-06
4.541e-06
4.49e-06
4.988e-06
4.485e-06
4.722e-06
4.481e-06
4.54e-06
4.487e-06
4.56e-06
4.676e-06
4.561e-06
4.583e-06
4.677e-06
4.515e-06
4.516e-06
4.482e-06
4.732e-06
4.497e-06
4.604e-06
4.52e-06
4.598e-06
4.479e-06
4.553e-06
4.809e-06
4.554e-06
4.855e-06
4.85e-06
4.926e-06
4.825e-06
4.563e-06
4.506e-06
4.692e-06
4.539e-06
4.461e-06
4.514e-06
4.439e-06
4.714e-06
4.502e-06
4.574e-06
4.467e-06
4.478e-06
4.558e-06
4.469e-06
4.866e-06
4.697e-06
4.481e-06
4.583e-06
4.521e-06
4.527e-06
4.469e-06
4.751e-06
4.49e-06
4.733e-06
4.52e-06
4.554e-06
4.452e-06
4.525e-06
4.692e-06
4.546e-06
4.467e-06
4.718e-06
4.517e-06
4.56e-06
4.441e-06
4.722e-06
4.496e-06
4.482e-06
4.41e-06
4.626e-06
4.532e-06
4.489e-06
4.51e-06
4.537e-06
4.443e-06
4.572e-06
4.472e-06
4.712e-06
4.581e-06
4.543e-06
4.656e-06
4.635e-06
4.461e-06
4.54e-06
4.502e-06
4.653e-06
4.515e-06
4.692e-06
4.46e-06
4.469e-06
4.472e-06
4.487e-06
4.535e-06
4.59e-06
4.727e-06
4.563e-06
4.51e-06
4.491e-06
4.447e-06
4.757e-06
4.427e-06
4.799e-06
4.517e-06
4.485e-06
4.467e-06
4.533e-06
4.944e-06
4.496e-06
4.495e-06
4.705e-06
4.537e-06
4.582e-06
4.457e-06
4.723e-06
4.53e-06
4.551e-06
4.524e-06
4.782e-06
4.455e-06
4.49e-06
4.718e-06
4.48e-06
4.489e-06
4.575e-06
4.467e-06
4.754e-06
4.533e-06
4.547e-06
4.511e-06
4.604e-06
4.466e-06
4.504e-06
4.507e-06
4.732e-06
4.497e-06
4.695e-06
4.633e-06
4.51e-06
4.512e-06
4.53e-06
4.458e-06
4.798e-06
4.433e-06
4.504e-06
4.541e-06
4.511e-06
4.462e-06
4.532e-06
4.659e-06
4.751e-06
4.505e-06
4.468e-06
4.464e-06
4.583e-06
4.473e-06
4.74e-06
4.566e-06
4.754e-06
4.444e-06
4.593e-06
4.476e-06
4.472e-06
4.895e-06
4.481e-06
4.447e-06
4.599e-06
4.505e-06
4.506e-06
4.518e-06
4.733e-06
4.458e-06
4.641e-06
4.459e-06
4.728e-06
4.49e-06
4.46e-06
4.855e-06
4.557e-06
4.432e-06
4.475e-06
4.466e-06
4.691e-06
4.482e-06
4.879e-06
4.458e-06
4.667e-06
4.455e-06
4.496e-06
4.463e-06
4.774e-06
4.516e-06
4.511e-06
4.777e-06
4.479e-06
4.511e-06
4.621e-06
4.425e-06
4.919e-06
4.525e-06
4.504e-06
4.451e-06
4.614e-06
4.474e-06
4.546e-06
4.699e-06
4.69e-06
4.488e-06
4.656e-06
4.444e-06
4.461e-06
4.442e-06
4.684e-06
4.461e-06
4.666e-06
4.47e-06
4.507e-06
4.533e-06
4.552e-06
4.875e-06
4.523e-06
4.473e-06
4.571e-06
4.576e-06
4.492e-06
4.464e-06
4.769e-06
4.502e-06
4.518e-06
4.493e-06
4.729e-06
4.485e-06
4.483e-06
4.876e-06
4.522e-06
4.53e-06
4.463e-06
4.454e-06
4.639e-06
4.468e-06
4.744e-06
4.468e-06
4.687e-06
4.459e-06
4.664e-06
4.475e-06
4.767e-06
4.575e-06
4.507e-06
4.634e-06
4.611e-06
4.459e-06
4.503e-06
4.465e-06
4.735e-06
4.521e-06
4.625e-06
4.424e-06
4.513e-06
4.505e-06
4.444e-06
4.721e-06
4.768e-06
4.578e-06
4.529e-06
4.675e-06
4.506e-06
4.465e-06
4.71e-06
4.481e-06
4.712e-06
4.497e-06
4.483e-06
4.468e-06
4.643e-06
4.72e-06
4.496e-06
4.514e-06
4.687e-06
4.443e-06
4.666e-06
4.599e-06
4.538e-06
4.474e-06
4.66e-06
4.441e-06
4.747e-06
4.459e-06
4.582e-06
4.826e-06
4.55e-06
4.519e-06
4.661e-06
4.506e-06
4.721e-06
4.565e-06
4.518e-06
4.568e-06
4.506e-06
4.472e-06
4.489e-06
4.482e-06
4.781e-06
4.49e-06
4.566e-06
4.633e-06
4.488e-06
4.471e-06
4.511e-06
4.497e-06
5.025e-06
4.413e-06
4.743e-06
4.581e-06
4.526e-06
4.467e-06
4.496e-06
4.684e-06
4.653e-06
4.631e-06
4.525e-06
4.453e-06
4.659e-06
4.473e-06
4.79e-06
4.543e-06
4.705e-06
4.438e-06
4.511e-06
4.481e-06
4.504e-06
4.746e-06
4.472e-06
4.477e-06
4.842e-06
4.487e-06
4.498e-06
4.522e-06
4.709e-06
4.483e-06
4.545e-06
4.484e-06
4.74e-06
4.649e-06
4.495e-06
4.668e-06
4.559e-06
4.454e-06
4.525e-06
4.516e-06
4.716e-06
4.504e-06
4.575e-06
4.462e-06
4.487e-06
4.508e-06
4.464e-06
4.482e-06
4.782e-06
4.458e-06
4.547e-06
4.511e-06
4.54e-06
4.489e-06
4.573e-06
4.704e-06
4.735e-06
4.593e-06
4.577e-06
4.51e-06
4.473e-06
4.49e-06
4.963e-06
4.485e-06
4.693e-06
4.448e-06
4.562e-06
4.457e-06
4.51e-06
4.896e-06
4.477e-06
4.549e-06
4.77e-06
4.449e-06
4.505e-06
4.464e-06
4.774e-06
4.48e-06
4.691e-06
4.463e-06
4.686e-06
4.477e-06
4.448e-06
4.928e-06
4.493e-06
4.601e-06
4.515e-06
4.483e-06
4.687e-06
4.438e-06
4.751e-06
4.524e-06
4.667e-06
4.509e-06
4.471e-06
4.528e-06
4.751e-06
4.707e-06
4.502e-06
4.645e-06
4.503e-06
4.436e-06
4.559e-06
4.454e-06
4.717e-06
4.5e-06
4.469e-06
4.517e-06
4.598e-06
4.456e-06
4.472e-06
4.708e-06
4.714e-06
4.48e-06
4.579e-06
4.471e-06
4.512e-06
4.503e-06
4.888e-06
4.48e-06
5.045e-06
4.507e-06
4.494e-06
4.519e-06
4.496e-06
4.879e-06
4.497e-06
4.535e-06
4.731e-06
4.493e-06
4.519e-06
4.455e-06
4.489e-06
4.879e-06
4.549e-06
4.675e-06
4.623e-06
4.561e-06
4.64e-06
4.513e-06
4.573e-06
4.62e-06
4.723e-06
4.54e-06
4.665e-06
4.478e-06
4.551e-06
4.663e-06
4.656e-06
4.706e-06
4.438e-06
4.616e-06
4.627e-06
4.658e-06
4.615e-06
4.505e-06
4.628e-06
4.533e-06
4.624e-06
4.582e-06
4.561e-06
4.554e-06
4.669e-06
4.539e-06
4.541e-06
4.425e-06
4.497e-06
4.536e-06
4.655e-06
4.465e-06
4.582e-06
4.646e-06
4.515e-06
4.484e-06
4.568e-06
4.456e-06
4.776e-06
4.63e-06
4.797e-06
4.516e-06
4.504e-06
4.464e-06
4.492e-06
4.591e-06
4.704e-06
4.583e-06
4.712e-06
4.496e-06
4.563e-06
4.573e-06
4.561e-06
4.489e-06
4.879e-06
4.541e-06
4.613e-06
4.632e-06
4.583e-06
4.526e-06
4.664e-06
4.537e-06
4.646e-06
4.625e-06
4.529e-06
4.572e-06
4.658e-06
4.531e-06
4.626e-06
4.74e-06
4.773e-06
4.813e-06
4.665e-06
4.478e-06
4.56e-06
4.66e-06
4.536e-06
4.515e-06
4.662e-06
4.575e-06
4.58e-06
4.64e-06
4.565e-06
4.57e-06
4.736e-06
4.5e-06
5.081e-06
4.646e-06
4.509e-06
4.493e-06
4.681e-06
4.505e-06
4.546e-06
4.446e-06
4.667e-06
4.487e-06
4.603e-06
4.461e-06
4.531e-06
4.477e-06
4.629e-06
4.449e-06
4.58e-06
4.497e-06
4.596e-06
4.83e-06
4.54e-06
4.617e-06
4.573e-06
4.448e-06
4.784e-06
4.488e-06
4.545e-06
4.992e-06
4.539e-06
4.792e-06
4.495e-06
4.618e-06
4.75e-06
4.621e-06
4.722e-06
4.908e-06
4.496e-06
4.595e-06
4.54e-06
4.445e-06
4.634e-06
4.455e-06
4.823e-06
4.479e-06
4.531e-06
4.504e-06
4.463e-06
4.51e-06
4.725e-06
4.552e-06
4.593e-06
4.511e-06
4.599e-06
4.483e-06
4.572e-06
4.519e-06
4.721e-06
4.486e-06
4.961e-06
4.488e-06
4.577e-06
4.508e-06
4.54e-06
4.503e-06
4.766e-06
4.483e-06
4.547e-06
4.676e-06
4.578e-06
4.488e-06
4.579e-06
4.5e-06
4.67e-06
4.558e-06
4.509e-06
4.492e-06
4.683e-06
4.483e-06
4.494e-06
4.497e-06
4.783e-06
4.475e-06
4.545e-06
4.466e-06
4.527e-06
4.449e-06
4.642e-06
4.438e-06
7.197e-06
4.735e-06
4.558e-06
4.674e-06
4.503e-06
4.531e-06
4.671e-06
4.892e-06
4.703e-06
4.74e-06
4.491e-06
4.436e-06
4.656e-06
4.472e-06
4.485e-06
4.489e-06
4.698e-06
4.501e-06
4.646e-06
4.495e-06
4.501e-06
4.736e-06
4.499e-06
4.587e-06
4.741e-06
4.466e-06
4.576e-06
4.633e-06
4.638e-06
4.535e-06
4.645e-06
4.513e-06
4.786e-06
4.469e-06
4.557e-06
4.456e-06
4.65e-06
4.433e-06
4.515e-06
4.679e-06
4.747e-06
4.47e-06
4.624e-06
4.923e-06
4.487e-06
4.541e-06
4.482e-06
4.445e-06
4.747e-06
4.447e-06
4.746e-06
4.526e-06
4.435e-06
4.473e-06
4.571e-06
4.447e-06
4.769e-06
4.719e-06
4.555e-06
4.528e-06
4.644e-06
4.522e-06
4.519e-06
4.515e-06
4.705e-06
4.487e-06
4.639e-06
4.501e-06
4.575e-06
4.612e-06
4.491e-06
4.534e-06
4.634e-06
4.472e-06
4.593e-06
4.665e-06
4.626e-06
4.548e-06
4.652e-06
4.509e-06
4.677e-06
4.626e-06
4.62e-06
4.503e-06
4.676e-06
4.496e-06
4.978e-06
4.588e-06
4.905e-06
4.509e-06
4.617e-06
4.488e-06
4.641e-06
4.642e-06
4.549e-06
4.493e-06
4.734e-06
4.51e-06
4.586e-06
4.528e-06
4.517e-06
4.482e-06
4.528e-06
4.493e-06
4.687e-06
4.533e-06
4.519e-06
4.696e-06
4.428e-06
4.674e-06
4.486e-06
4.474e-06
4.75e-06
4.484e-06
4.957e-06
4.497e-06
4.545e-06
4.506e-06
5.533e-06
4.679e-06
4.733e-06
4.513e-06
4.692e-06
4.596e-06
4.434e-06
4.464e-06
4.569e-06
4.459e-06
4.734e-06
4.567e-06
4.615e-06
4.729e-06
4.475e-06
4.436e-06
4.442e-06
4.457e-06
4.722e-06
4.559e-06
4.637e-06
4.474e-06
4.488e-06
4.501e-06
4.49e-06
4.686e-06
4.8e-06
4.478e-06
4.516e-06
4.595e-06
4.498e-06
4.507e-06
4.972e-06
4.467e-06
4.719e-06
4.634e-06
4.515e-06
4.485e-06
4.561e-06
4.889e-06
4.472e-06
4.467e-06
4.673e-06
4.486e-06
4.649e-06
4.52e-06
4.683e-06
4.57e-06
4.51e-06
4.494e-06
4.638e-06
4.479e-06
4.502e-06
4.709e-06
4.453e-06
4.507e-06
4.572e-06
4.527e-06
4.718e-06
4.574e-06
4.679e-06
4.502e-06
4.603e-06
4.631e-06
4.473e-06
4.563e-06
4.703e-06
4.706e-06
4.55e-06
4.48e-06
4.455e-06
4.523e-06
4.499e-06
4.474e-06
4.76e-06
4.476e-06
4.545e-06
4.582e-06
4.48e-06
4.452e-06
4.467e-06
4.457e-06
4.697e-06
4.533e-06
4.532e-06
4.507e-06
4.53e-06
4.669e-06
4.471e-06
4.717e-06
4.652e-06
4.493e-06
4.562e-06
4.518e-06
4.727e-06
4.435e-06
4.716e-06
4.469e-06
4.765e-06
4.518e-06
4.529e-06
4.757e-06
4.461e-06
4.53e-06
4.512e-06
4.463e-06
4.743e-06
4.543e-06
4.459e-06
4.47e-06
4.576e-06
4.451e-06
4.442e-06
4.567e-06
4.703e-06
4.536e-06
4.792e-06
4.543e-06
4.585e-06
4.908e-06
4.472e-06
4.512e-06
4.609e-06
4.473e-06
4.701e-06
4.495e-06
4.7e-06
4.492e-06
4.512e-06
4.439e-06
4.732e-06
4.592e-06
4.558e-06
4.729e-06
4.504e-06
4.515e-06
4.443e-06
4.482e-06
4.9e-06
4.544e-06
4.6e-06
4.448e-06
4.481e-06
4.453e-06
4.428e-06
4.657e-06
4.708e-06
4.495e-06
4.516e-06
4.531e-06
4.454e-06
4.457e-06
4.501e-06
4.468e-06
4.713e-06
4.551e-06
4.522e-06
4.429e-06
4.813e-06
4.445e-06
4.574e-06
4.563e-06
4.659e-06
4.458e-06
4.5e-06
4.846e-06
4.451e-06
4.578e-06
4.426e-06
4.468e-06
4.64e-06
4.503e-06
4.934e-06
4.607e-06
4.471e-06
4.483e-06
4.486e-06
4.459e-06
4.699e-06
4.816e-06
4.51e-06
4.57e-06
4.525e-06
4.499e-06
4.444e-06
4.516e-06
4.975e-06
4.504e-06
4.636e-06
4.467e-06
4.461e-06
4.5e-06
4.481e-06
4.704e-06
4.581e-06
4.746e-06
4.54e-06
4.557e-06
4.5e-06
4.478e-06
4.721e-06
4.558e-06
4.786e-06
4.501e-06
4.449e-06
4.456e-06
4.604e-06
4.52e-06
4.492e-06
4.465e-06
4.692e-06
4.48e-06
4.559e-06
4.479e-06
4.437e-06
4.464e-06
4.442e-06
4.517e-06
4.771e-06
4.47e-06
4.725e-06
4.528e-06
4.496e-06
4.494e-06
4.504e-06
4.465e-06
4.655e-06
4.729e-06
4.499e-06
4.686e-06
4.484e-06
4.475e-06
4.455e-06
4.483e-06
4.667e-06
4.477e-06
4.552e-06
4.46e-06
4.502e-06
4.474e-06
4.459e-06
4.433e-06
4.711e-06
4.481e-06
4.491e-06
4.473e-06
4.492e-06
4.657e-06
4.468e-06
4.591e-06
4.709e-06
4.557e-06
4.458e-06
4.434e-06
4.701e-06
4.462e-06
4.678e-06
4.539e-06
4.701e-06
4.472e-06
4.427e-06
4.681e-06
4.468e-06
4.69e-06
4.43e-06
4.498e-06
4.592e-06
4.485e-06
4.482e-06
4.523e-06
4.499e-06
4.448e-06
4.49e-06
4.441e-06
4.652e-06
4.525e-06
4.596e-06
4.442e-06
4.535e-06
4.468e-06
4.461e-06
4.474e-06
4.653e-06
4.501e-06
4.556e-06
4.42e-06
4.44e-06
4.521e-06
4.431e-06
4.638e-06
4.74e-06
4.478e-06
4.493e-06
4.536e-06
4.496e-06
4.473e-06
4.47e-06
4.434e-06
4.655e-06
4.544e-06
4.467e-06
4.674e-06
4.457e-06
4.653e-06
4.437e-06
4.481e-06
4.668e-06
4.474e-06
4.968e-06
4.495e-06
4.565e-06
4.492e-06
4.458e-06
4.457e-06
4.718e-06
4.721e-06
4.566e-06
4.709e-06
4.49e-06
4.471e-06
4.513e-06
4.445e-06
5.102e-06
4.519e-06
4.476e-06
4.467e-06
4.505e-06
4.433e-06
4.462e-06
4.668e-06
4.692e-06
4.481e-06
4.489e-06
4.457e-06
4.44e-06
4.493e-06
4.439e-06
4.618e-06
4.596e-06
4.497e-06
4.497e-06
4.51e-06
4.681e-06
4.496e-06
4.524e-06
4.457e-06
4.7e-06
4.521e-06
4.474e-06
4.632e-06
4.503e-06
4.46e-06
4.461e-06
4.482e-06
4.662e-06
4.477e-06
4.637e-06
4.46e-06
4.441e-06
4.476e-06
4.476e-06
4.476e-06
4.738e-06
4.45e-06
4.533e-06
4.513e-06
4.474e-06
4.486e-06
4.466e-06
4.474e-06
4.666e-06
4.527e-06
4.459e-06
4.451e-06
4.634e-06
4.717e-06
4.469e-06
4.704e-06
4.649e-06
4.484e-06
4.493e-06
4.488e-06
4.527e-06
4.574e-06
4.467e-06
4.452e-06
4.576e-06
4.494e-06
4.463e-06
4.555e-06
4.477e-06
4.454e-06
4.486e-06
4.467e-06
4.689e-06
4.727e-06
4.437e-06
4.44e-06
4.578e-06
4.486e-06
4.433e-06
4.451e-06
4.655e-06
4.615e-06
4.535e-06
4.471e-06
4.447e-06
4.477e-06
4.515e-06
4.494e-06
4.845e-06
4.475e-06
4.495e-06
4.521e-06
4.484e-06
4.463e-06
4.489e-06
4.435e-06
4.661e-06
4.489e-06
4.469e-06
4.447e-06
4.512e-06
4.565e-06
4.449e-06
4.448e-06
4.666e-06
4.496e-06
4.5e-06
4.46e-06
4.441e-06
4.501e-06
4.47e-06
4.468e-06
4.708e-06
4.473e-06
4.435e-06
4.51e-06
4.428e-06
4.419e-06
4.457e-06
4.469e-06
4.67e-06
4.51e-06
4.446e-06
4.433e-06
4.447e-06
4.417e-06
4.45e-06
4.72e-06
4.707e-06
4.467e-06
4.501e-06
4.466e-06
4.86e-06
4.566e-06
4.514e-06
4.634e-06
4.709e-06
4.446e-06
4.454e-06
4.718e-06
4.543e-06
4.484e-06
4.492e-06
4.464e-06
4.721e-06
4.565e-06
4.796e-06
4.485e-06
4.495e-06
4.442e-06
4.443e-06
4.478e-06
4.689e-06
4.631e-06
4.466e-06
4.399e-06
4.441e-06
4.461e-06
4.452e-06
6.316e-06
4.799e-06
4.485e-06
4.726e-06
4.534e-06
4.493e-06
4.487e-06
4.493e-06
4.425e-06
4.67e-06
4.566e-06
4.407e-06
4.459e-06
4.5e-06
4.447e-06
4.418e-06
4.78e-06
4.646e-06
4.477e-06
4.494e-06
4.462e-06
4.463e-06
4.484e-06
4.439e-06
4.484e-06
4.71e-06
4.5e-06
4.473e-06
4.497e-06
4.72e-06
4.491e-06
4.547e-06
4.473e-06
4.677e-06
4.624e-06
4.438e-06
4.89e-06
4.5e-06
4.551e-06
4.428e-06
4.5e-06
4.665e-06
4.489e-06
4.813e-06
4.634e-06
4.669e-06
4.523e-06
4.444e-06
4.472e-06
4.688e-06
4.46e-06
4.711e-06
4.638e-06
4.515e-06
4.484e-06
4.575e-06
4.478e-06
4.711e-06
4.602e-06
4.548e-06
4.648e-06
4.658e-06
4.52e-06
4.485e-06
4.508e-06
4.67e-06
4.653e-06
4.557e-06
4.643e-06
4.481e-06
4.555e-06
4.461e-06
4.547e-06
4.723e-06
4.515e-06
4.479e-06
4.649e-06
4.518e-06
4.479e-06
4.489e-06
4.663e-06
4.751e-06
4.531e-06
4.484e-06
4.53e-06
4.51e-06
4.46e-06
4.855e-06
4.433e-06
4.787e-06
4.492e-06
4.467e-06
4.508e-06
4.483e-06
4.535e-06
4.43e-06
4.444e-06
4.734e-06
4.518e-06
4.511e-06
4.648e-06
4.732e-06
4.511e-06
4.56e-06
4.462e-06
4.709e-06
4.683e-06
4.491e-06
4.698e-06
4.519e-06
4.434e-06
4.435e-06
4.58e-06
4.677e-06
4.502e-06
4.992e-06
4.468e-06
4.59e-06
4.519e-06
4.458e-06
4.523e-06
4.738e-06
4.903e-06
4.685e-06
4.646e-06
4.466e-06
4.491e-06
4.499e-06
4.509e-06
4.931e-06
4.58e-06
4.544e-06
4.447e-06
4.494e-06
4.535e-06
4.511e-06
4.756e-06
4.591e-06
4.763e-06
4.568e-06
4.517e-06
4.497e-06
4.56e-06
4.731e-06
4.505e-06
4.751e-06
4.455e-06
4.474e-06
4.578e-06
4.501e-06
4.71e-06
4.519e-06
4.587e-06
4.72e-06
4.675e-06
4.497e-06
4.453e-06
4.566e-06
4.496e-06
4.659e-06
4.512e-06
4.667e-06
4.487e-06
4.536e-06
4.681e-06
4.482e-06
4.741e-06
4.497e-06
4.448e-06
4.768e-06
4.498e-06
4.972e-06
4.597e-06
4.501e-06
4.532e-06
4.559e-06
4.521e-06
4.709e-06
4.561e-06
4.535e-06
4.663e-06
4.519e-06
4.46e-06
4.452e-06
4.523e-06
4.67e-06
4.481e-06
4.518e-06
4.478e-06
4.504e-06
4.527e-06
4.442e-06
4.985e-06
4.74e-06
4.81e-06
4.487e-06
4.5e-06
4.47e-06
4.495e-06
4.741e-06
4.606e-06
4.728e-06
4.623e-06
4.542e-06
4.492e-06
4.546e-06
4.752e-06
4.513e-06
4.64e-06
4.683e-06
4.472e-06
4.568e-06
4.48e-06
4.715e-06
4.476e-06
4.757e-06
4.506e-06
4.771e-06
4.554e-06
4.494e-06
4.759e-06
4.472e-06
4.523e-06
4.525e-06
4.471e-06
4.692e-06
4.539e-06
4.705e-06
4.608e-06
4.498e-06
4.513e-06
4.458e-06
4.578e-06
4.716e-06
4.525e-06
4.489e-06
4.718e-06
4.512e-06
4.537e-06
4.465e-06
4.529e-06
4.719e-06
4.454e-06
4.705e-06
4.572e-06
4.464e-06
4.5e-06
4.503e-06
4.908e-06
4.75e-06
4.663e-06
4.495e-06
4.446e-06
4.612e-06
4.489e-06
4.689e-06
4.552e-06
4.698e-06
4.535e-06
4.557e-06
4.48e-06
4.454e-06
4.861e-06
4.496e-06
4.533e-06
4.748e-06
4.53e-06
4.481e-06
4.558e-06
4.494e-06
4.512e-06
4.523e-06
4.487e-06
4.707e-06
4.643e-06
4.509e-06
4.761e-06
4.54e-06
4.491e-06
4.463e-06
4.531e-06
4.71e-06
4.528e-06
4.716e-06
4.476e-06
4.634e-06
4.516e-06
4.454e-06
4.462e-06
4.743e-06
4.783e-06
4.499e-06
4.668e-06
4.476e-06
4.491e-06
4.522e-06
4.484e-06
4.694e-06
4.577e-06
4.456e-06
4.509e-06
4.542e-06
4.489e-06
4.482e-06
4.597e-06
4.616e-06
4.541e-06
4.537e-06
4.465e-06
4.474e-06
4.51e-06
4.572e-06
4.641e-06
4.719e-06
4.484e-06
4.512e-06
4.624e-06
4.705e-06
4.513e-06
4.524e-06
4.447e-06
4.692e-06
4.553e-06
4.51e-06
4.759e-06
4.549e-06
4.475e-06
4.43e-06
4.556e-06
4.671e-06
4.484e-06
4.771e-06
4.459e-06
4.671e-06
4.518e-06
4.475e-06
4.491e-06
4.719e-06
4.494e-06
4.469e-06
4.549e-06
4.528e-06
4.503e-06
4.513e-06
4.513e-06
4.65e-06
4.575e-06
4.475e-06
4.553e-06
4.585e-06
4.481e-06
4.689e-06
4.66e-06
4.708e-06
4.509e-06
4.678e-06
4.475e-06
4.464e-06
4.526e-06
4.475e-06
4.806e-06
4.714e-06
4.467e-06
4.502e-06
4.661e-06
4.433e-06
4.461e-06
4.721e-06
4.431e-06
4.732e-06
4.628e-06
4.433e-06
4.719e-06
4.484e-06
4.663e-06
4.495e-06
4.559e-06
4.7e-06
4.495e-06
5.012e-06
4.475e-06
4.491e-06
4.541e-06
4.445e-06
4.489e-06
4.738e-06
4.891e-06
4.524e-06
4.559e-06
4.506e-06
4.481e-06
4.504e-06
4.484e-06
4.96e-06
4.566e-06
4.514e-06
4.455e-06
4.491e-06
4.446e-06
4.653e-06
4.762e-06
4.62e-06
4.715e-06
4.539e-06
4.451e-06
4.509e-06
4.558e-06
4.682e-06
4.44e-06
4.869e-06
4.504e-06
4.468e-06
4.522e-06
4.504e-06
4.615e-06
4.589e-06
4.696e-06
4.7e-06
4.539e-06
4.451e-06
4.458e-06
4.559e-06
4.512e-06
4.744e-06
4.472e-06
4.702e-06
4.492e-06
4.573e-06
4.679e-06
4.452e-06
4.686e-06
4.442e-06
4.432e-06
4.742e-06
4.455e-06
4.946e-06
4.517e-06
4.495e-06
4.439e-06
4.492e-06
4.45e-06
4.721e-06
4.733e-06
4.448e-06
4.696e-06
4.469e-06
4.443e-06
4.44e-06
4.512e-06
4.993e-06
4.515e-06
4.547e-06
4.522e-06
4.495e-06
4.497e-06
4.519e-06
4.74e-06
4.781e-06
4.491e-06
4.498e-06
4.634e-06
4.517e-06
4.486e-06
4.546e-06
4.467e-06
4.872e-06
4.813e-06
4.487e-06
4.52e-06
4.508e-06
4.471e-06
4.473e-06
4.516e-06
4.673e-06
4.653e-06
4.585e-06
4.539e-06
4.512e-06
4.545e-06
4.52e-06
4.691e-06
4.696e-06
4.488e-06
4.503e-06
4.556e-06
4.487e-06
4.497e-06
4.533e-06
4.542e-06
4.768e-06
4.619e-06
4.46e-06
4.479e-06
4.615e-06
4.488e-06
4.441e-06
4.527e-06
4.672e-06
4.469e-06
4.517e-06
4.52e-06
4.499e-06
4.639e-06
4.42e-06
4.45e-06
4.748e-06
4.514e-06
4.54e-06
4.654e-06
4.488e-06
4.537e-06
4.539e-06
4.53e-06
4.696e-06
4.625e-06
4.501e-06
4.527e-06
4.573e-06
4.469e-06
4.472e-06
4.645e-06
4.739e-06
4.53e-06
4.619e-06
4.489e-06
4.484e-06
4.494e-06
4.466e-06
4.738e-06
4.725e-06
4.574e-06
4.476e-06
4.662e-06
4.49e-06
4.495e-06
4.781e-06
4.533e-06
4.732e-06
4.563e-06
4.459e-06
5.569e-06
4.696e-06
4.554e-06
4.464e-06
4.523e-06
4.661e-06
4.506e-06
4.639e-06
4.496e-06
4.489e-06
4.75e-06
4.49e-06
4.605e-06
4.636e-06
4.5e-06
4.582e-06
4.68e-06
4.51e-06
4.499e-06
4.646e-06
4.462e-06
4.709e-06
4.667e-06
4.515e-06
4.721e-06
4.514e-06
4.547e-06
4.504e-06
4.51e-06
4.711e-06
4.504e-06
4.716e-06
4.477e-06
4.667e-06
4.527e-06
4.49e-06
4.505e-06
4.755e-06
5.003e-06
4.533e-06
4.571e-06
4.5e-06
4.51e-06
4.542e-06
4.546e-06
4.939e-06
4.596e-06
4.512e-06
4.505e-06
4.634e-06
4.627e-06
4.484e-06
4.558e-06
4.775e-06
4.569e-06
4.593e-06
4.428e-06
6.209e-06
4.834e-06
4.562e-06
4.509e-06
4.713e-06
4.785e-06
4.502e-06
4.76e-06
4.537e-06
4.478e-06
4.528e-06
4.482e-06
4.717e-06
4.649e-06
4.628e-06
4.531e-06
4.575e-06
4.454e-06
4.454e-06
4.753e-06
4.761e-06
4.486e-06
4.591e-06
4.446e-06
4.484e-06
4.563e-06
4.713e-06
4.573e-06
4.719e-06
4.441e-06
4.542e-06
4.512e-06
4.537e-06
4.518e-06
4.537e-06
4.765e-06
4.699e-06
4.593e-06
4.497e-06
4.495e-06
4.663e-06
4.482e-06
4.485e-06
4.518e-06
4.716e-06
4.529e-06
4.649e-06
4.479e-06
4.511e-06
4.468e-06
4.519e-06
4.454e-06
4.743e-06
4.483e-06
4.744e-06
4.554e-06
4.64e-06
4.475e-06
4.587e-06
4.486e-06
4.714e-06
4.68e-06
4.494e-06
4.471e-06
4.627e-06
4.495e-06
4.533e-06
4.471e-06
4.682e-06
4.664e-06
4.558e-06
4.438e-06
4.613e-06
4.529e-06
4.52e-06
4.53e-06
4.698e-06
4.539e-06
4.531e-06
4.621e-06
4.637e-06
4.473e-06
4.55e-06
4.466e-06
4.693e-06
4.577e-06
4.54e-06
4.492e-06
4.671e-06
4.509e-06
4.556e-06
4.641e-06
4.694e-06
4.502e-06
4.678e-06
4.473e-06
4.511e-06
4.865e-06
4.515e-06
4.506e-06
4.78e-06
4.5e-06
4.571e-06
4.497e-06
4.765e-06
4.538e-06
4.584e-06
4.476e-06
4.725e-06
4.526e-06
4.524e-06
4.494e-06
4.552e-06
4.593e-06
4.476e-06
4.605e-06
4.745e-06
4.494e-06
4.636e-06
4.496e-06
4.617e-06
4.671e-06
4.529e-06
4.515e-06
4.761e-06
4.455e-06
4.98e-06
4.519e-06
4.844e-06
4.559e-06
4.552e-06
4.479e-06
4.78e-06
4.565e-06
4.541e-06
4.479e-06
4.581e-06
4.516e-06
4.545e-06
4.518e-06
4.781e-06
4.578e-06
4.553e-06
4.435e-06
4.551e-06
4.54e-06
4.463e-06
4.892e-06
4.766e-06
4.656e-06
4.538e-06
4.551e-06
4.52e-06
4.54e-06
4.57e-06
4.596e-06
4.676e-06
4.514e-06
4.536e-06
4.47e-06
4.555e-06
4.51e-06
4.67e-06
4.538e-06
4.66e-06
4.468e-06
4.532e-06
4.439e-06
4.679e-06
4.474e-06
4.422e-06
4.434e-06
4.735e-06
4.51e-06
4.5e-06
4.709e-06
4.444e-06
4.454e-06
4.539e-06
4.431e-06
4.725e-06
4.545e-06
4.479e-06
4.437e-06
4.662e-06
4.483e-06
4.463e-06
4.5e-06
4.715e-06
4.595e-06
4.669e-06
4.511e-06
4.528e-06
4.574e-06
4.424e-06
4.472e-06
4.718e-06
4.47e-06
4.492e-06
4.518e-06
4.5e-06
4.471e-06
4.935e-06
4.446e-06
4.686e-06
4.627e-06
4.465e-06
4.445e-06
4.57e-06
4.528e-06
4.464e-06
4.462e-06
4.676e-06
4.536e-06
4.644e-06
4.486e-06
4.507e-06
4.64e-06
4.459e-06
4.46e-06
4.746e-06
4.478e-06
4.493e-06
4.506e-06
4.533e-06
4.461e-06
4.538e-06
4.478e-06
4.742e-06
4.996e-06
4.492e-06
4.478e-06
4.634e-06
4.451e-06
4.443e-06
4.52e-06
4.748e-06
4.474e-06
4.534e-06
4.454e-06
4.492e-06
4.517e-06
4.455e-06
4.928e-06
4.747e-06
4.78e-06
4.468e-06
4.526e-06
4.503e-06
4.485e-06
4.709e-06
4.586e-06
4.753e-06
4.566e-06
4.46e-06
4.515e-06
4.544e-06
4.495e-06
4.578e-06
4.76e-06
4.69e-06
4.487e-06
4.577e-06
4.455e-06
4.512e-06
4.498e-06
4.761e-06
4.428e-06
4.706e-06
4.451e-06
4.542e-06
4.697e-06
4.52e-06
4.757e-06
4.521e-06
4.441e-06
4.687e-06
4.573e-06
4.486e-06
4.419e-06
4.525e-06
4.442e-06
4.468e-06
4.797e-06
4.681e-06
4.601e-06
4.598e-06
4.505e-06
4.534e-06
4.604e-06
4.43e-06
4.544e-06
4.757e-06
4.489e-06
4.52e-06
4.57e-06
4.468e-06
4.512e-06
4.53e-06
4.439e-06
4.698e-06
4.582e-06
4.857e-06
4.476e-06
4.522e-06
4.517e-06
4.388e-06
4.548e-06
4.673e-06
5.056e-06
4.647e-06
4.626e-06
4.505e-06
4.531e-06
4.47e-06
4.506e-06
4.935e-06
4.563e-06
4.494e-06
4.58e-06
4.539e-06
4.505e-06
4.518e-06
4.934e-06
4.715e-06
4.673e-06
4.511e-06
4.483e-06
4.638e-06
4.531e-06
4.472e-06
4.523e-06
4.712e-06
4.531e-06
4.562e-06
4.498e-06
4.472e-06
4.588e-06
4.503e-06
4.617e-06
4.711e-06
4.555e-06
4.536e-06
4.661e-06
4.5e-06
4.555e-06
4.527e-06
4.437e-06
4.688e-06
4.601e-06
4.491e-06
4.706e-06
4.567e-06
4.516e-06
4.484e-06
4.463e-06
4.666e-06
4.501e-06
4.924e-06
4.489e-06
4.664e-06
4.533e-06
4.507e-06
4.514e-06
4.719e-06
4.934e-06
4.56e-06
4.532e-06
4.507e-06
4.533e-06
4.529e-06
4.454e-06
4.914e-06
4.597e-06
4.51e-06
4.513e-06
4.59e-06
4.482e-06
4.51e-06
4.696e-06
4.732e-06
4.513e-06
4.56e-06
4.478e-06
4.518e-06
4.595e-06
4.678e-06
4.499e-06
4.753e-06
4.487e-06
4.511e-06
4.55e-06
4.464e-06
4.924e-06
4.513e-06
4.679e-06
4.701e-06
4.577e-06
4.487e-06
4.498e-06
4.565e-06
4.564e-06
4.769e-06
4.485e-06
4.705e-06
4.502e-06
4.587e-06
4.703e-06
4.528e-06
4.518e-06
4.475e-06
4.494e-06
4.774e-06
4.518e-06
4.604e-06
4.681e-06
4.529e-06
4.529e-06
4.522e-06
4.445e-06
4.674e-06
4.842e-06
4.494e-06
4.475e-06
4.519e-06
4.463e-06
4.515e-06
4.475e-06
4.792e-06
4.584e-06
4.79e-06
4.483e-06
4.507e-06
4.585e-06
4.515e-06
4.729e-06
4.585e-06
4.648e-06
4.51e-06
4.501e-06
4.524e-06
4.478e-06
4.565e-06
4.488e-06
4.691e-06
4.581e-06
4.466e-06
4.482e-06
4.546e-06
4.917e-06
4.476e-06
4.496e-06
4.703e-06
4.497e-06
4.542e-06
4.48e-06
4.905e-06
4.534e-06
4.474e-06
4.495e-06
4.766e-06
4.518e-06
4.557e-06
4.534e-06
4.513e-06
4.477e-06
4.546e-06
4.49e-06
4.736e-06
4.579e-06
4.933e-06
4.507e-06
4.474e-06
4.466e-06
4.481e-06
4.528e-06
4.673e-06
4.497e-06
4.517e-06
4.476e-06
4.467e-06
4.541e-06
4.552e-06
4.628e-06
4.672e-06
4.498e-06
4.489e-06
4.669e-06
4.474e-06
4.513e-06
4.835e-06
4.462e-06
4.672e-06
4.543e-06
4.467e-06
4.467e-06
4.521e-06
4.902e-06
4.499e-06
4.485e-06
4.652e-06
4.577e-06
4.613e-06
4.668e-06
4.941e-06
4.68e-06
4.554e-06
4.491e-06
4.765e-06
4.542e-06
4.499e-06
4.743e-06
4.561e-06
4.619e-06
4.515e-06
4.5e-06
4.711e-06
4.709e-06
4.567e-06
4.527e-06
4.579e-06
4.487e-06
4.508e-06
4.548e-06
4.671e-06
4.758e-06
4.532e-06
4.612e-06
4.554e-06
4.577e-06
4.501e-06
4.524e-06
4.796e-06
4.514e-06
4.539e-06
4.574e-06
4.519e-06
4.484e-06
4.517e-06
4.717e-06
4.696e-06
4.6e-06
4.484e-06
4.513e-06
4.53e-06
4.507e-06
4.483e-06
4.49e-06
4.693e-06
4.513e-06
4.626e-06
4.46e-06
4.496e-06
4.723e-06
4.551e-06
4.511e-06
4.73e-06
4.504e-06
4.52e-06
4.535e-06
4.746e-06
4.521e-06
4.715e-06
4.484e-06
4.699e-06
4.532e-06
4.478e-06
4.545e-06
4.529e-06
4.759e-06
4.46e-06
4.553e-06
4.7e-06
4.52e-06
4.578e-06
4.499e-06
4.593e-06
4.586e-06
4.502e-06
4.504e-06
4.613e-06
4.715e-06
4.527e-06
4.571e-06
4.481e-06
4.526e-06
4.61e-06
4.502e-06
4.86e-06
4.556e-06
4.499e-06
4.47e-06
4.482e-06
4.511e-06
4.494e-06
4.759e-06
4.563e-06
4.799e-06
4.777e-06
4.804e-06
4.711e-06
4.688e-06
4.486e-06
4.497e-06
4.743e-06
4.525e-06
4.511e-06
4.564e-06
4.59e-06
4.5e-06
4.55e-06
4.488e-06
4.748e-06
4.566e-06
4.4e-06
4.642e-06
4.568e-06
4.507e-06
4.43e-06
4.532e-06
4.747e-06
4.578e-06
4.633e-06
4.567e-06
4.465e-06
4.582e-06
4.484e-06
4.523e-06
4.715e-06
4.782e-06
4.54e-06
4.499e-06
4.484e-06
4.494e-06
4.765e-06
4.495e-06
4.712e-06
4.597e-06
4.495e-06
4.509e-06
4.53e-06
4.749e-06
4.512e-06
4.603e-06
4.687e-06
4.514e-06
4.603e-06
4.484e-06
4.467e-06
4.523e-06
4.656e-06
4.454e-06
4.741e-06
4.526e-06
4.531e-06
4.607e-06
4.464e-06
4.514e-06
4.462e-06
4.499e-06
4.726e-06
4.579e-06
4.555e-06
4.47e-06
4.499e-06
4.485e-06
4.521e-06
4.473e-06
4.717e-06
4.515e-06
4.47e-06
4.656e-06
4.544e-06
4.545e-06
4.473e-06
4.505e-06
4.951e-06
4.486e-06
4.656e-06
4.641e-06
4.481e-06
4.524e-06
4.487e-06
4.515e-06
4.671e-06
4.651e-06
4.484e-06
4.491e-06
4.558e-06
4.523e-06
4.516e-06
4.482e-06
4.719e-06
4.53e-06
4.568e-06
4.467e-06
4.492e-06
4.581e-06
4.76e-06
4.608e-06
5.006e-06
4.567e-06
4.603e-06
4.628e-06
4.525e-06
4.575e-06
4.578e-06
4.501e-06
4.637e-06
4.529e-06
4.485e-06
4.541e-06
4.68e-06
4.527e-06
4.5e-06
4.539e-06
4.696e-06
4.61e-06
4.513e-06
4.555e-06
4.541e-06
4.702e-06
4.961e-06
4.538e-06
4.66e-06
4.546e-06
4.543e-06
4.606e-06
4.472e-06
4.734e-06
4.498e-06
4.518e-06
4.746e-06
4.578e-06
4.492e-06
4.583e-06
4.706e-06
4.583e-06
4.756e-06
4.55e-06
4.717e-06
4.567e-06
4.562e-06
4.562e-06
4.66e-06
4.703e-06
4.465e-06
4.558e-06
4.771e-06
4.462e-06
4.517e-06
4.485e-06
4.453e-06
4.504e-06
4.653e-06
4.484e-06
4.738e-06
4.558e-06
4.511e-06
4.548e-06
4.523e-06
4.45e-06
4.525e-06
4.546e-06
4.75e-06
4.636e-06
4.661e-06
4.522e-06
4.46e-06
4.508e-06
4.467e-06
4.783e-06
4.57e-06
4.799e-06
4.562e-06
4.549e-06
4.535e-06
4.552e-06
4.759e-06
4.519e-06
4.709e-06
4.676e-06
4.488e-06
4.558e-06
4.514e-06
4.546e-06
4.472e-06
4.745e-06
4.679e-06
4.526e-06
4.703e-06
4.476e-06
4.44e-06
4.479e-06
4.687e-06
4.511e-06
4.765e-06
4.49e-06
4.552e-06
4.61e-06
4.499e-06
4.491e-06
4.568e-06
4.482e-06
4.699e-06
4.669e-06
4.488e-06
4.538e-06
4.601e-06
4.52e-06
4.508e-06
4.591e-06
4.678e-06
4.737e-06
4.622e-06
4.512e-06
4.497e-06
4.555e-06
4.466e-06
4.488e-06
4.733e-06
4.54e-06
4.553e-06
4.584e-06
4.445e-06
4.5e-06
4.51e-06
4.73e-06
4.692e-06
4.849e-06
4.508e-06
4.507e-06
4.516e-06
4.528e-06
4.745e-06
4.482e-06
4.802e-06
4.508e-06
4.575e-06
4.499e-06
4.521e-06
4.565e-06
4.436e-06
4.485e-06
4.59e-06
4.53e-06
4.55e-06
4.635e-06
4.485e-06
4.492e-06
4.506e-06
4.48e-06
4.692e-06
4.663e-06
4.455e-06
4.434e-06
4.468e-06
4.473e-06
4.495e-06
4.559e-06
4.711e-06
4.727e-06
4.506e-06
4.68e-06
4.508e-06
4.519e-06
4.486e-06
4.486e-06
4.755e-06
4.631e-06
4.65e-06
4.654e-06
4.541e-06
4.466e-06
4.462e-06
4.677e-06
4.759e-06
4.708e-06
4.446e-06
4.443e-06
4.486e-06
4.449e-06
4.652e-06
4.488e-06
4.702e-06
4.535e-06
4.702e-06
4.475e-06
4.44e-06
4.547e-06
4.513e-06
4.75e-06
4.703e-06
4.489e-06
4.519e-06
4.568e-06
4.744e-06
4.483e-06
4.633e-06
4.478e-06
4.713e-06
4.697e-06
4.48e-06
4.48e-06
4.646e-06
4.552e-06
4.501e-06
4.464e-06
4.715e-06
4.52e-06
4.561e-06
4.651e-06
4.485e-06
4.561e-06
4.482e-06
4.529e-06
4.752e-06
4.695e-06
4.469e-06
4.71e-06
4.484e-06
4.553e-06
4.501e-06
4.505e-06
4.728e-06
4.614e-06
4.758e-06
4.538e-06
4.569e-06
4.517e-06
4.455e-06
4.935e-06
4.744e-06
4.666e-06
4.556e-06
4.474e-06
4.476e-06
4.542e-06
4.73e-06
4.476e-06
4.735e-06
4.552e-06
4.492e-06
4.584e-06
4.457e-06
4.478e-06
4.549e-06
4.741e-06
4.746e-06
4.604e-06
4.466e-06
4.479e-06
4.572e-06
4.499e-06
4.622e-06
4.477e-06
4.714e-06
4.5e-06
4.525e-06
4.515e-06
4.511e-06
4.77e-06
4.498e-06
4.52e-06
5.599e-06
4.613e-06
4.639e-06
4.674e-06
4.555e-06
4.671e-06
4.576e-06
4.491e-06
4.758e-06
4.685e-06
4.529e-06
4.764e-06
4.572e-06
4.493e-06
4.496e-06
4.581e-06
4.714e-06
4.572e-06
4.838e-06
4.501e-06
4.869e-06
4.532e-06
4.505e-06
4.489e-06
4.708e-06
4.765e-06
4.504e-06
4.61e-06
4.449e-06
4.494e-06
4.512e-06
4.482e-06
4.674e-06
4.561e-06
4.507e-06
4.495e-06
4.524e-06
4.504e-06
4.508e-06
4.557e-06
4.62e-06
4.519e-06
4.534e-06
4.58e-06
4.53e-06
4.676e-06
4.51e-06
4.64e-06
4.794e-06
4.533e-06
4.53e-06
4.704e-06
4.477e-06
5.019e-06
4.482e-06
4.472e-06
4.717e-06
4.648e-06
4.509e-06
4.526e-06
4.514e-06
4.54e-06
4.499e-06
4.524e-06
4.698e-06
4.536e-06
4.681e-06
4.741e-06
4.593e-06
4.983e-06
4.531e-06
4.528e-06
4.774e-06
4.585e-06
4.531e-06
4.593e-06
4.641e-06
4.585e-06
4.499e-06
4.482e-06
4.687e-06
4.598e-06
4.504e-06
4.557e-06
4.534e-06
4.552e-06
4.514e-06
4.59e-06
4.755e-06
4.498e-06
4.568e-06
4.544e-06
4.484e-06
4.647e-06
4.517e-06
4.771e-06
4.791e-06
4.485e-06
4.491e-06
4.579e-06
4.483e-06
4.505e-06
4.778e-06
4.514e-06
4.725e-06
4.539e-06
4.489e-06
4.501e-06
4.491e-06
4.492e-06
4.46e-06
4.746e-06
4.743e-06
4.507e-06
4.573e-06
4.523e-06
4.574e-06
4.51e-06
4.617e-06
4.526e-06
4.749e-06
4.515e-06
4.504e-06
4.58e-06
4.51e-06
4.611e-06
4.512e-06
4.496e-06
4.685e-06
4.586e-06
4.745e-06
4.485e-06
4.596e-06
4.498e-06
4.533e-06
4.533e-06
4.696e-06
4.546e-06
4.564e-06
4.561e-06
4.489e-06
4.618e-06
4.482e-06
4.489e-06
4.787e-06
4.666e-06
4.677e-06
4.473e-06
4.865e-06
4.75e-06
4.661e-06
4.594e-06
4.768e-06
4.697e-06
4.522e-06
4.571e-06
4.538e-06
4.515e-06
4.486e-06
4.571e-06
4.733e-06
4.745e-06
4.582e-06
4.507e-06
4.499e-06
4.551e-06
4.507e-06
4.501e-06
4.727e-06
4.648e-06
4.693e-06
4.56e-06
4.492e-06
4.523e-06
4.576e-06
4.713e-06
4.743e-06
4.512e-06
4.54e-06
4.535e-06
4.526e-06
4.493e-06
4.999e-06
4.568e-06
4.644e-06
4.591e-06
4.619e-06
4.544e-06
4.491e-06
4.596e-06
4.512e-06
4.753e-06
4.743e-06
4.533e-06
4.504e-06
4.698e-06
4.482e-06
4.51e-06
4.569e-06
4.509e-06
4.702e-06
4.592e-06
4.499e-06
4.535e-06
4.547e-06
4.592e-06
4.544e-06
4.685e-06
4.768e-06
4.526e-06
4.571e-06
4.512e-06
4.658e-06
4.679e-06
4.533e-06
4.519e-06
4.781e-06
4.609e-06
4.959e-06
4.594e-06
4.493e-06
4.556e-06
4.7e-06
4.496e-06
4.69e-06
4.613e-06
4.508e-06
4.511e-06
5.977e-06
5.217e-06
4.568e-06
4.574e-06
4.728e-06
4.581e-06
4.592e-06
4.746e-06
4.498e-06
4.595e-06
4.462e-06
4.47e-06
4.734e-06
4.556e-06
4.949e-06
4.557e-06
4.481e-06
4.462e-06
4.565e-06
4.473e-06
4.664e-06
5.005e-06
4.49e-06
4.53e-06
4.535e-06
4.525e-06
4.515e-06
4.561e-06
4.677e-06
4.618e-06
4.489e-06
4.505e-06
4.456e-06
4.564e-06
4.7e-06
4.71e-06
4.769e-06
4.526e-06
4.492e-06
4.671e-06
4.5e-06
4.529e-06
4.527e-06
4.578e-06
4.733e-06
4.595e-06
4.553e-06
4.528e-06
4.689e-06
4.491e-06
4.483e-06
4.498e-06
4.719e-06
4.489e-06
4.568e-06
4.451e-06
4.622e-06
4.557e-06
4.481e-06
4.521e-06
4.745e-06
4.548e-06
4.485e-06
4.58e-06
4.714e-06
4.532e-06
4.555e-06
4.505e-06
4.693e-06
4.557e-06
4.568e-06
4.75e-06
4.513e-06
4.485e-06
4.512e-06
4.514e-06
4.694e-06
4.604e-06
4.687e-06
4.487e-06
4.498e-06
4.642e-06
4.454e-06
4.929e-06
4.725e-06
4.625e-06
4.485e-06
4.686e-06
4.458e-06
4.525e-06
4.533e-06
4.506e-06
4.741e-06
4.704e-06
4.472e-06
4.503e-06
4.673e-06
4.521e-06
4.533e-06
4.646e-06
4.696e-06
4.542e-06
4.67e-06
4.581e-06
4.494e-06
4.573e-06
4.673e-06
4.488e-06
4.723e-06
4.543e-06
4.518e-06
4.601e-06
4.602e-06
4.74e-06
4.632e-06
4.518e-06
4.764e-06
4.661e-06
4.497e-06
4.479e-06
4.49e-06
4.519e-06
4.462e-06
4.646e-06
4.719e-06
4.521e-06
4.515e-06
4.578e-06
4.497e-06
4.536e-06
4.486e-06
4.494e-06
4.744e-06
4.515e-06
4.518e-06
4.625e-06
4.437e-06
4.482e-06
4.511e-06
4.503e-06
4.654e-06
4.578e-06
4.488e-06
4.524e-06
4.495e-06
4.745e-06
4.638e-06
4.513e-06
4.701e-06
4.529e-06
4.665e-06
4.587e-06
4.509e-06
4.716e-06
4.545e-06
4.506e-06
4.597e-06
4.538e-06
4.552e-06
4.807e-06
4.534e-06
4.615e-06
4.523e-06
4.525e-06
4.709e-06
4.573e-06
4.458e-06
4.495e-06
4.791e-06
4.464e-06
4.494e-06
4.592e-06
4.669e-06
4.722e-06
4.482e-06
4.722e-06
4.495e-06
4.676e-06
4.467e-06
4.51e-06
4.963e-06
4.51e-06
4.529e-06
4.505e-06
4.478e-06
4.56e-06
4.514e-06
4.687e-06
4.747e-06
4.634e-06
4.472e-06
4.507e-06
4.632e-06
4.475e-06
4.68e-06
4.539e-06
4.908e-06
4.676e-06
4.553e-06
4.504e-06
4.522e-06
4.786e-06
4.675e-06
4.602e-06
4.792e-06
4.532e-06
4.554e-06
4.667e-06
4.503e-06
4.515e-06
4.588e-06
4.494e-06
4.708e-06
4.674e-06
4.503e-06
4.529e-06
4.586e-06
4.553e-06
4.531e-06
4.641e-06
4.706e-06
4.537e-06
4.537e-06
4.52e-06
4.529e-06
4.543e-06
4.474e-06
4.486e-06
4.804e-06
4.585e-06
4.699e-06
4.632e-06
4.516e-06
4.556e-06
4.538e-06
4.517e-06
4.949e-06
4.617e-06
4.511e-06
4.568e-06
4.6e-06
4.579e-06
4.481e-06
4.87e-06
4.68e-06
4.663e-06
4.548e-06
4.493e-06
4.492e-06
4.597e-06
4.755e-06
4.54e-06
4.759e-06
4.637e-06
4.501e-06
4.552e-06
4.485e-06
4.54e-06
4.503e-06
4.735e-06
4.731e-06
4.604e-06
4.486e-06
4.567e-06
4.552e-06
4.542e-06
4.618e-06
4.554e-06
4.709e-06
4.653e-06
4.565e-06
4.69e-06
4.472e-06
4.661e-06
4.495e-06
4.524e-06
4.561e-06
4.631e-06
4.671e-06
4.68e-06
4.63e-06
4.534e-06
4.587e-06
4.554e-06
4.738e-06
4.682e-06
4.741e-06
4.554e-06
4.575e-06
4.513e-06
4.48e-06
4.608e-06
4.665e-06
4.722e-06
4.576e-06
4.915e-06
4.533e-06
4.663e-06
4.48e-06
4.521e-06
4.955e-06
4.542e-06
4.501e-06
4.661e-06
4.466e-06
4.564e-06
4.525e-06
4.74e-06
4.66e-06
4.515e-06
4.504e-06
4.532e-06
4.585e-06
4.504e-06
4.538e-06
4.47e-06
4.726e-06
4.537e-06
4.552e-06
4.473e-06
4.488e-06
4.962e-06
4.47e-06
4.483e-06
4.717e-06
4.491e-06
4.512e-06
4.576e-06
4.914e-06
4.534e-06
4.543e-06
4.495e-06
4.648e-06
4.659e-06
4.771e-06
4.725e-06
4.518e-06
4.537e-06
4.468e-06
4.531e-06
4.712e-06
4.546e-06
4.626e-06
4.594e-06
4.511e-06
4.694e-06
4.602e-06
4.559e-06
4.612e-06
4.662e-06
4.518e-06
4.629e-06
4.842e-06
4.652e-06
4.927e-06
4.542e-06
4.76e-06
4.651e-06
4.506e-06
4.584e-06
4.561e-06
4.511e-06
4.488e-06
4.691e-06
4.695e-06
4.566e-06
4.582e-06
4.489e-06
4.522e-06
4.596e-06
4.479e-06
4.58e-06
4.804e-06
4.571e-06
4.523e-06
4.491e-06
4.489e-06
4.568e-06
4.516e-06
4.495e-06
4.912e-06
4.715e-06
4.509e-06
4.576e-06
4.642e-06
4.603e-06
4.51e-06
4.662e-06
4.74e-06
4.486e-06
4.596e-06
4.569e-06
4.481e-06
4.613e-06
4.545e-06
4.489e-06
4.679e-06
4.583e-06
4.588e-06
4.683e-06
4.484e-06
4.559e-06
4.565e-06
4.691e-06
4.751e-06
4.633e-06
4.548e-06
4.535e-06
4.592e-06
4.675e-06
4.525e-06
4.573e-06
4.709e-06
4.653e-06
4.671e-06
4.576e-06
4.552e-06
4.526e-06
4.476e-06
4.613e-06
4.643e-06
4.588e-06
4.514e-06
4.648e-06
4.462e-06
4.665e-06
4.591e-06
4.549e-06
4.734e-06
4.687e-06
4.565e-06
4.511e-06
4.634e-06
4.5e-06
4.55e-06
4.605e-06
4.742e-06
4.574e-06
4.595e-06
4.491e-06
4.482e-06
4.637e-06
4.509e-06
4.595e-06
4.667e-06
4.595e-06
4.531e-06
4.521e-06
4.516e-06
4.541e-06
4.55e-06
4.508e-06
4.546e-06
4.47e-06
4.544e-06
4.533e-06
4.632e-06
4.758e-06
4.599e-06
4.73e-06
4.672e-06
4.672e-06
4.573e-06
4.52e-06
4.526e-06
4.601e-06
4.535e-06
4.467e-06
4.74e-06
4.57e-06
4.541e-06
4.689e-06
4.471e-06
4.629e-06
4.517e-06
4.533e-06
4.717e-06
4.628e-06
4.506e-06
4.506e-06
4.82e-06
4.527e-06
4.553e-06
4.575e-06
4.718e-06
4.471e-06
4.578e-06
4.813e-06
4.51e-06
4.68e-06
4.45e-06
4.527e-06
4.998e-06
4.522e-06
4.624e-06
4.619e-06
4.506e-06
4.571e-06
4.523e-06
4.509e-06
4.728e-06
4.5e-06
4.464e-06
4.496e-06
4.467e-06
4.518e-06
4.853e-06
4.506e-06
4.683e-06
4.505e-06
4.523e-06
4.504e-06
4.507e-06
4.982e-06
4.551e-06
4.586e-06
4.687e-06
4.528e-06
4.545e-06
4.586e-06
4.694e-06
4.472e-06
4.758e-06
4.508e-06
4.68e-06
4.661e-06
4.484e-06
4.545e-06
4.579e-06
4.741e-06
4.503e-06
4.523e-06
4.69e-06
4.527e-06
4.831e-06
4.538e-06
4.587e-06
4.591e-06
4.452e-06
4.566e-06
4.74e-06
4.555e-06
4.662e-06
4.518e-06
4.49e-06
4.506e-06
4.525e-06
4.524e-06
4.914e-06
4.522e-06
4.462e-06
4.51e-06
4.644e-06
4.555e-06
4.493e-06
4.531e-06
4.66e-06
4.813e-06
4.521e-06
4.519e-06
4.452e-06
4.668e-06
4.456e-06
4.438e-06
4.713e-06
4.495e-06
4.507e-06
4.561e-06
4.672e-06
4.706e-06
4.482e-06
4.469e-06
4.718e-06
4.623e-06
4.433e-06
4.477e-06
4.514e-06
4.516e-06
4.456e-06
4.507e-06
4.665e-06
4.495e-06
4.537e-06
4.603e-06
4.622e-06
4.517e-06
4.477e-06
4.465e-06
4.674e-06
4.92e-06
4.492e-06
4.64e-06
4.432e-06
4.502e-06
4.546e-06
4.484e-06
4.663e-06
5.6e-06
4.913e-06
4.573e-06
4.555e-06
4.503e-06
4.592e-06
4.515e-06
4.67e-06
4.921e-06
4.574e-06
4.586e-06
4.487e-06
4.543e-06
4.489e-06
4.554e-06
4.939e-06
4.525e-06
4.511e-06
4.677e-06
4.509e-06
4.537e-06
4.471e-06
4.914e-06
4.666e-06
4.66e-06
4.503e-06
4.538e-06
4.502e-06
4.552e-06
4.705e-06
4.564e-06
4.676e-06
4.531e-06
4.566e-06
4.515e-06
4.478e-06
4.733e-06
4.508e-06
4.691e-06
4.751e-06
4.504e-06
4.523e-06
4.663e-06
4.457e-06
4.598e-06
4.732e-06
4.564e-06
4.714e-06
4.658e-06
4.525e-06
4.545e-06
4.551e-06
4.542e-06
4.499e-06
4.53e-06
4.684e-06
4.492e-06
4.589e-06
4.546e-06
4.753e-06
4.58e-06
4.538e-06
4.512e-06
4.704e-06
4.507e-06
4.572e-06
4.564e-06
4.485e-06
4.502e-06
4.508e-06
4.495e-06
4.717e-06
4.496e-06
4.815e-06
4.562e-06
4.553e-06
4.517e-06
4.486e-06
4.528e-06
4.656e-06
4.815e-06
4.55e-06
4.499e-06
4.474e-06
4.654e-06
4.973e-06
4.512e-06
4.767e-06
4.471e-06
4.48e-06
4.59e-06
4.433e-06
4.668e-06
4.561e-06
4.698e-06
4.707e-06
4.648e-06
4.512e-06
4.51e-06
4.512e-06
4.527e-06
4.772e-06
4.551e-06
4.692e-06
4.65e-06
4.571e-06
4.55e-06
4.503e-06
4.517e-06
4.471e-06
4.485e-06
4.566e-06
4.501e-06
4.908e-06
4.48e-06
4.698e-06
4.472e-06
4.462e-06
4.566e-06
4.727e-06
4.583e-06
4.46e-06
4.795e-06
4.564e-06
4.52e-06
4.505e-06
4.543e-06
4.65e-06
4.563e-06
4.568e-06
4.523e-06
4.489e-06
4.549e-06
4.484e-06
4.49e-06
4.638e-06
4.566e-06
4.518e-06
4.637e-06
4.467e-06
4.537e-06
4.485e-06
4.67e-06
4.583e-06
4.624e-06
4.472e-06
4.546e-06
4.739e-06
4.589e-06
4.683e-06
4.611e-06
4.929e-06
4.66e-06
4.577e-06
4.581e-06
4.531e-06
4.721e-06
4.76e-06
4.524e-06
4.777e-06
4.569e-06
4.548e-06
4.63e-06
4.501e-06
4.608e-06
4.555e-06
4.604e-06
4.767e-06
4.536e-06
4.613e-06
4.566e-06
4.672e-06
4.748e-06
4.553e-06
4.55e-06
4.723e-06
4.561e-06
4.619e-06
4.517e-06
4.752e-06
4.584e-06
4.517e-06
4.514e-06
4.639e-06
4.507e-06
4.665e-06
4.644e-06
4.602e-06
4.57e-06
4.61e-06
4.504e-06
4.721e-06
4.592e-06
4.549e-06
4.572e-06
4.476e-06
5.729e-06
4.768e-06
4.552e-06
4.73e-06
4.578e-06
4.668e-06
4.77e-06
4.515e-06
4.767e-06
4.551e-06
4.539e-06
4.669e-06
4.561e-06
4.519e-06
4.644e-06
4.573e-06
4.562e-06
4.564e-06
4.578e-06
4.779e-06
4.584e-06
4.573e-06
4.554e-06
4.677e-06
4.507e-06
4.542e-06
4.706e-06
4.744e-06
5.046e-06
4.602e-06
4.739e-06
4.547e-06
4.654e-06
4.551e-06
4.552e-06
4.792e-06
4.566e-06
4.518e-06
4.53e-06
4.51e-06
4.518e-06
4.536e-06
4.823e-06
4.77e-06
4.542e-06
4.56e-06
4.625e-06
4.495e-06
4.566e-06
4.519e-06
4.661e-06
4.641e-06
4.508e-06
4.6e-06
4.56e-06
4.574e-06
4.579e-06
4.543e-06
4.638e-06
4.735e-06
4.53e-06
4.57e-06
4.686e-06
4.543e-06
4.986e-06
4.558e-06
4.535e-06
4.769e-06
4.679e-06
4.535e-06
4.563e-06
4.822e-06
4.593e-06
4.559e-06
4.606e-06
4.786e-06
4.569e-06
4.692e-06
4.687e-06
4.549e-06
4.605e-06
4.511e-06
4.514e-06
4.793e-06
4.533e-06
4.584e-06
4.886e-06
4.477e-06
4.818e-06
4.611e-06
4.498e-06
4.785e-06
4.707e-06
4.564e-06
4.599e-06
4.677e-06
4.536e-06
4.514e-06
4.59e-06
4.752e-06
4.585e-06
4.707e-06
4.512e-06
4.514e-06
4.482e-06
4.497e-06
4.525e-06
4.783e-06
4.534e-06
4.607e-06
4.742e-06
4.51e-06
4.595e-06
4.568e-06
4.546e-06
4.734e-06
4.525e-06
4.504e-06
4.589e-06
4.676e-06
4.57e-06
4.562e-06
4.584e-06
4.747e-06
4.545e-06
4.53e-06
4.65e-06
4.561e-06
4.671e-06
4.56e-06
4.688e-06
4.779e-06
4.5e-06
4.572e-06
4.694e-06
4.555e-06
4.793e-06
4.532e-06
4.556e-06
4.745e-06
4.66e-06
4.535e-06
4.555e-06
4.793e-06
4.611e-06
4.674e-06
4.674e-06
4.811e-06
4.624e-06
4.655e-06
4.563e-06
4.97e-06
4.662e-06
4.566e-06
4.509e-06
4.77e-06
4.584e-06
4.6e-06
4.678e-06
4.659e-06
4.565e-06
4.617e-06
4.488e-06
4.744e-06
4.605e-06
4.505e-06
4.541e-06
4.687e-06
4.532e-06
4.541e-06
4.553e-06
4.718e-06
4.508e-06
4.713e-06
4.668e-06
4.592e-06
4.676e-06
4.529e-06
4.5e-06
4.649e-06
4.966e-06
4.579e-06
5.003e-06
4.512e-06
4.559e-06
4.665e-06
4.528e-06
4.743e-06
4.667e-06
4.619e-06
4.561e-06
4.59e-06
4.498e-06
4.548e-06
4.945e-06
4.743e-06
4.647e-06
4.602e-06
4.607e-06
4.557e-06
4.665e-06
4.559e-06
4.501e-06
4.603e-06
4.528e-06
4.53e-06
4.724e-06
4.574e-06
4.494e-06
4.602e-06
4.636e-06
4.779e-06
4.686e-06
4.552e-06
4.644e-06
4.691e-06
4.54e-06
4.517e-06
4.669e-06
4.769e-06
4.497e-06
4.686e-06
4.68e-06
4.75e-06
4.626e-06
4.705e-06
4.535e-06
4.806e-06
4.592e-06
4.584e-06
4.675e-06
4.52e-06
4.539e-06
4.589e-06
4.457e-06
4.729e-06
4.642e-06
4.513e-06
4.571e-06
4.581e-06
4.622e-06
4.514e-06
4.632e-06
4.681e-06
4.469e-06
4.581e-06
4.601e-06
4.58e-06
4.582e-06
4.544e-06
4.517e-06
4.841e-06
4.463e-06
4.527e-06
4.646e-06
4.552e-06
4.502e-06
4.653e-06
4.773e-06
4.751e-06
4.47e-06
4.563e-06
4.542e-06
4.495e-06
4.57e-06
4.847e-06
4.584e-06
4.639e-06
4.631e-06
4.663e-06
4.573e-06
4.573e-06
4.584e-06
4.53e-06
4.497e-06
4.651e-06
4.565e-06
4.525e-06
4.646e-06
4.517e-06
4.829e-06
4.452e-06
4.485e-06
4.82e-06
4.677e-06
4.637e-06
4.532e-06
4.78e-06
4.582e-06
4.708e-06
4.52e-06
4.666e-06
4.546e-06
4.674e-06
4.556e-06
4.551e-06
4.625e-06
4.501e-06
4.516e-06
4.776e-06
4.537e-06
4.519e-06
4.707e-06
4.529e-06
4.52e-06
4.568e-06
4.529e-06
4.754e-06
4.627e-06
4.6e-06
4.632e-06
4.555e-06
4.486e-06
4.48e-06
4.58e-06
4.938e-06
4.528e-06
4.648e-06
4.529e-06
4.533e-06
4.674e-06
4.546e-06
4.825e-06
4.665e-06
4.619e-06
4.529e-06
4.688e-06
4.498e-06
4.549e-06
4.598e-06
4.499e-06
4.769e-06
4.601e-06
4.526e-06
4.587e-06
4.676e-06
4.52e-06
4.54e-06
4.535e-06
4.741e-06
4.524e-06
4.654e-06
4.578e-06
4.511e-06
4.678e-06
4.527e-06
4.522e-06
4.769e-06
4.531e-06
4.543e-06
4.66e-06
4.516e-06
4.629e-06
4.51e-06
4.435e-06
4.717e-06
4.682e-06
4.708e-06
4.578e-06
4.638e-06
4.512e-06
4.452e-06
4.558e-06
4.665e-06
4.703e-06
4.509e-06
4.809e-06
4.48e-06
4.54e-06
4.497e-06
4.802e-06
4.65e-06
4.546e-06
4.526e-06
4.425e-06
4.803e-06
4.485e-06
4.467e-06
4.489e-06
4.748e-06
4.781e-06
4.489e-06
4.612e-06
4.51e-06
4.521e-06
4.493e-06
4.525e-06
4.932e-06
4.529e-06
4.61e-06
4.502e-06
4.52e-06
4.53e-06
4.476e-06
4.707e-06
4.751e-06
4.714e-06
4.56e-06
4.57e-06
4.763e-06
4.857e-06
4.604e-06
4.522e-06
4.722e-06
4.622e-06
4.462e-06
4.573e-06
4.676e-06
4.509e-06
4.439e-06
4.419e-06
4.735e-06
4.449e-06
4.467e-06
4.454e-06
4.437e-06
4.467e-06
4.576e-06
4.488e-06
4.688e-06
4.479e-06
4.476e-06
4.544e-06
4.607e-06
4.754e-06
4.514e-06
4.494e-06
4.684e-06
4.532e-06
4.865e-06
4.512e-06
4.743e-06
4.463e-06
4.476e-06
4.519e-06
4.646e-06
4.74e-06
4.608e-06
4.571e-06
4.455e-06
4.593e-06
4.473e-06
4.461e-06
4.888e-06
4.53e-06
4.527e-06
4.642e-06
4.494e-06
4.49e-06
4.474e-06
4.78e-06
4.769e-06
4.551e-06
4.49e-06
4.509e-06
4.516e-06
4.504e-06
4.744e-06
4.55e-06
4.716e-06
4.517e-06
4.573e-06
4.501e-06
4.459e-06
4.557e-06
4.479e-06
4.489e-06
4.718e-06
4.529e-06
4.485e-06
4.599e-06
4.879e-06
4.474e-06
4.518e-06
4.526e-06
4.655e-06
4.663e-06
4.512e-06
4.881e-06
4.507e-06
4.473e-06
4.46e-06
4.548e-06
4.698e-06
4.567e-06
4.732e-06
4.495e-06
4.452e-06
4.651e-06
4.52e-06
4.511e-06
4.712e-06
4.704e-06
4.506e-06
4.545e-06
4.476e-06
4.53e-06
4.527e-06
4.484e-06
5.103e-06
4.561e-06
4.486e-06
4.509e-06
4.653e-06
4.498e-06
4.729e-06
4.974e-06
4.712e-06
4.512e-06
4.596e-06
4.557e-06
4.474e-06
4.669e-06
4.474e-06
4.489e-06
4.805e-06
4.475e-06
4.464e-06
4.536e-06
4.479e-06
4.757e-06
4.458e-06
4.454e-06
4.664e-06
4.572e-06
4.491e-06
4.495e-06
4.632e-06
4.503e-06
4.487e-06
4.475e-06
4.664e-06
4.48e-06
4.545e-06
4.587e-06
4.588e-06
4.518e-06
4.485e-06
4.481e-06
4.772e-06
4.493e-06
4.613e-06
4.607e-06
4.485e-06
4.47e-06
4.503e-06
4.473e-06
4.992e-06
4.595e-06
4.52e-06
4.518e-06
4.547e-06
4.506e-06
4.675e-06
4.807e-06
4.614e-06
4.546e-06
4.505e-06
4.466e-06
4.478e-06
4.563e-06
4.504e-06
4.529e-06
4.999e-06
4.514e-06
4.495e-06
4.568e-06
4.443e-06
4.537e-06
4.521e-06
4.467e-06
4.68e-06
4.644e-06
4.482e-06
4.503e-06
4.743e-06
4.541e-06
4.484e-06
4.554e-06
4.7e-06
4.546e-06
4.564e-06
4.547e-06
4.464e-06
4.658e-06
4.479e-06
4.516e-06
4.741e-06
4.467e-06
4.713e-06
4.606e-06
4.476e-06
4.474e-06
4.473e-06
4.461e-06
4.651e-06
4.583e-06
4.509e-06
4.496e-06
4.481e-06
4.495e-06
4.467e-06
4.522e-06
4.671e-06
4.673e-06
4.58e-06
4.461e-06
4.458e-06
4.526e-06
4.454e-06
4.505e-06
4.764e-06
4.459e-06
4.495e-06
4.58e-06
4.864e-06
4.429e-06
4.723e-06
4.482e-06
4.631e-06
4.551e-06
4.472e-06
4.998e-06
4.543e-06
4.607e-06
4.518e-06
4.514e-06
4.652e-06
4.518e-06
4.853e-06
4.518e-06
4.606e-06
4.544e-06
4.458e-06
4.467e-06
4.709e-06
4.704e-06
4.453e-06
4.802e-06
4.497e-06
4.48e-06
4.468e-06
4.481e-06
4.684e-06
4.697e-06
4.474e-06
4.475e-06
4.485e-06
4.464e-06
4.481e-06
4.542e-06
4.555e-06
4.567e-06
4.578e-06
4.502e-06
4.495e-06
4.587e-06
4.504e-06
4.565e-06
4.738e-06
4.465e-06
4.508e-06
4.599e-06
4.968e-06
4.522e-06
4.5e-06
4.449e-06
4.693e-06
4.534e-06
4.428e-06
4.684e-06
4.536e-06
4.72e-06
4.476e-06
4.461e-06
4.656e-06
4.648e-06
4.859e-06
4.622e-06
4.573e-06
4.649e-06
4.498e-06
4.537e-06
4.725e-06
4.469e-06
4.472e-06
4.749e-06
4.475e-06
4.419e-06
4.466e-06
4.455e-06
4.666e-06
4.515e-06
4.48e-06
4.509e-06
4.466e-06
4.473e-06
4.469e-06
4.531e-06
4.651e-06
4.489e-06
4.578e-06
4.539e-06
4.463e-06
4.751e-06
4.549e-06
4.52e-06
4.718e-06
4.488e-06
4.448e-06
4.57e-06
4.683e-06
4.601e-06
4.554e-06
4.486e-06
4.679e-06
4.588e-06
4.474e-06
4.722e-06
4.549e-06
4.555e-06
4.471e-06
4.56e-06
4.695e-06
4.459e-06
4.762e-06
4.519e-06
4.745e-06
4.594e-06
4.453e-06
4.457e-06
4.749e-06
4.509e-06
4.493e-06
4.753e-06
4.446e-06
4.443e-06
4.478e-06
4.471e-06
4.655e-06
4.641e-06
4.475e-06
4.502e-06
4.516e-06
4.53e-06
4.482e-06
4.94e-06
4.688e-06
4.678e-06
4.545e-06
4.5e-06
4.481e-06
4.514e-06
4.475e-06
4.45e-06
5.071e-06
4.504e-06
4.479e-06
4.583e-06
4.489e-06
4.94e-06
4.52e-06
4.512e-06
4.693e-06
4.528e-06
4.472e-06
4.474e-06
4.833e-06
4.456e-06
4.524e-06
4.51e-06
4.727e-06
4.534e-06
4.686e-06
4.5e-06
4.49e-06
4.723e-06
4.494e-06
4.49e-06
4.755e-06
4.495e-06
4.536e-06
4.553e-06
4.591e-06
4.792e-06
4.53e-06
4.514e-06
4.715e-06
4.586e-06
4.487e-06
4.489e-06
4.588e-06
4.466e-06
4.485e-06
4.519e-06
4.669e-06
4.532e-06
4.881e-06
4.539e-06
4.677e-06
4.494e-06
4.503e-06
4.568e-06
4.652e-06
4.521e-06
4.617e-06
4.78e-06
4.525e-06
4.507e-06
4.59e-06
4.485e-06
4.97e-06
4.584e-06
4.538e-06
4.49e-06
4.653e-06
4.466e-06
4.479e-06
4.785e-06
4.715e-06
4.663e-06
4.573e-06
4.476e-06
4.485e-06
4.567e-06
4.712e-06
4.55e-06
4.604e-06
4.478e-06
4.514e-06
4.599e-06
4.455e-06
4.506e-06
4.541e-06
4.491e-06
4.7e-06
4.591e-06
4.494e-06
4.48e-06
4.52e-06
4.615e-06
4.515e-06
4.573e-06
4.697e-06
4.481e-06
4.673e-06
4.533e-06
4.633e-06
4.659e-06
4.489e-06
4.492e-06
4.575e-06
4.505e-06
4.514e-06
4.732e-06
4.48e-06
4.48e-06
4.572e-06
4.488e-06
4.694e-06
4.617e-06
4.758e-06
4.486e-06
4.487e-06
4.497e-06
4.497e-06
4.734e-06
4.717e-06
4.734e-06
4.676e-06
4.559e-06
4.479e-06
4.589e-06
4.705e-06
4.712e-06
4.769e-06
4.547e-06
4.538e-06
4.582e-06
4.515e-06
4.52e-06
4.608e-06
4.556e-06
4.738e-06
4.573e-06
4.491e-06
4.537e-06
4.771e-06
4.494e-06
4.58e-06
4.61e-06
4.755e-06
4.541e-06
4.576e-06
4.716e-06
4.539e-06
4.614e-06
4.477e-06
4.531e-06
4.789e-06
4.477e-06
4.576e-06
4.545e-06
4.554e-06
4.518e-06
4.689e-06
4.477e-06
4.711e-06
4.535e-06
4.518e-06
4.61e-06
4.512e-06
4.537e-06
4.521e-06
4.514e-06
4.947e-06
4.507e-06
4.553e-06
4.516e-06
4.542e-06
4.533e-06
4.505e-06
4.922e-06
4.752e-06
4.629e-06
4.509e-06
4.545e-06
4.514e-06
4.434e-06
4.769e-06
4.498e-06
4.759e-06
4.665e-06
4.462e-06
4.539e-06
4.542e-06
4.714e-06
4.57e-06
4.539e-06
4.655e-06
4.446e-06
4.512e-06
4.54e-06
4.803e-06
4.47e-06
4.727e-06
4.463e-06
4.739e-06
4.486e-06
4.565e-06
4.54e-06
4.47e-06
4.503e-06
4.473e-06
4.493e-06
4.721e-06
4.525e-06
4.758e-06
4.512e-06
4.549e-06
4.505e-06
4.478e-06
4.534e-06
4.687e-06
4.937e-06
4.549e-06
4.516e-06
4.514e-06
4.678e-06
4.52e-06
4.541e-06
4.718e-06
4.47e-06
4.508e-06
4.591e-06
4.471e-06
4.488e-06
4.502e-06
4.476e-06
4.714e-06
4.522e-06
4.446e-06
4.434e-06
4.515e-06
4.746e-06
4.602e-06
4.736e-06
4.639e-06
4.52e-06
4.599e-06
4.495e-06
4.763e-06
4.677e-06
4.491e-06
4.553e-06
4.787e-06
4.526e-06
4.486e-06
4.917e-06
4.634e-06
4.479e-06
4.57e-06
4.476e-06
4.711e-06
4.572e-06
4.476e-06
4.49e-06
4.487e-06
4.834e-06
4.506e-06
4.546e-06
4.709e-06
4.468e-06
4.526e-06
4.466e-06
4.655e-06
4.484e-06
4.489e-06
4.456e-06
4.709e-06
4.482e-06
5.542e-06
4.774e-06
4.783e-06
4.561e-06
4.585e-06
4.462e-06
4.738e-06
4.545e-06
4.515e-06
4.5e-06
4.549e-06
4.641e-06
4.501e-06
4.498e-06
4.753e-06
4.521e-06
4.597e-06
4.618e-06
4.664e-06
4.699e-06
4.491e-06
4.513e-06
4.649e-06
4.493e-06
4.537e-06
4.629e-06
4.546e-06
4.446e-06
4.51e-06
4.466e-06
4.715e-06
4.57e-06
4.488e-06
4.514e-06
4.589e-06
4.502e-06
4.556e-06
4.722e-06
4.725e-06
4.521e-06
4.669e-06
4.491e-06
4.538e-06
4.584e-06
4.682e-06
4.486e-06
4.923e-06
4.506e-06
4.5e-06
4.541e-06
4.488e-06
4.713e-06
4.497e-06
4.464e-06
4.717e-06
4.525e-06
4.471e-06
4.519e-06
4.935e-06
4.464e-06
4.465e-06
4.536e-06
4.692e-06
4.541e-06
4.525e-06
4.941e-06
4.484e-06
4.548e-06
4.474e-06
4.475e-06
4.802e-06
4.504e-06
4.75e-06
4.548e-06
4.454e-06
4.443e-06
4.545e-06
4.467e-06
4.75e-06
